0.243462	0.0287483	-3.03909	0	8.46292	0.243462	8.6	0.25	-3.00029	0
8.3948	0.25013	115.584	3.16271	8.44818	0.251553	8.45	0.25	-3.00027	0
8.32866	0.234321	0.045297	-0.271013	8.56759	0.241943	8.45	0.25	0	0
8.38677	0.250937	0.0640279	0.0177471	8.45582	0.253997	8.45	0.25	0	0
8.30609	0.246507	-1.09122	-0.0391044	8.42544	0.254042	8.35	0.25	-1.81979	0
8.24406	0.247999	-1.0934	-0.017249	8.23962	0.24916	8.25	0.25	-1.81978	0
8.04027	0.224399	-2.53913	-0.153315	7.93286	0.188391	8.05	0.2	-3.99976	-0.99994
7.89629	0.184303	-2.55308	-0.293773	7.84073	0.159858	7.85	0.15	-3.99972	-0.99993
7.72668	0.169094	-2.8914	-0.297066	7.61269	0.155818	7.7	0.15	-2.99982	0
7.57332	0.157158	-2.90232	-0.286023	7.54016	0.159641	7.55	0.15	-2.99982	0
7.4716	0.128324	-2.38685	-0.325392	7.50815	0.0953827	7.45	0.100001	-1.8165	-0.908239
7.34104	0.0773759	-2.38493	-0.428485	7.3426	0.0345312	7.35	0.0500011	-1.81648	-0.90823
7.18702	0.0442727	-2.59577	-0.457419	7.20598	0.00492725	7.2	9.49949e-07	-2.72851	-0.909507
7.04627	-0.0095939	-2.59287	-0.541135	7.05406	-0.0533413	7.05	-0.0499992	-2.72849	-0.909499
6.9495	-0.0677407	-2.12659	-0.627839	6.74585	-0.143185	6.95	-0.15	-1.81898	-1.81898
6.83556	-0.159938	-2.12365	-0.792802	6.84972	-0.258748	6.85	-0.25	-1.81896	-1.81897
6.73047	-0.232121	-2.09311	-0.887919	6.66966	-0.346668	6.75	-0.349999	-2.00076	-2.00075
6.62805	-0.33982	-2.09461	-1.07016	6.64329	-0.462604	6.65	-0.449999	-2.00076	-2.00075
6.59298	-0.441754	-1.50598	-1.24372	6.60862	-0.557035	6.6	-0.549999	-0.998836	-1.99769
6.52351	-0.551336	-1.5024	-1.38118	6.56029	-0.650892	6.55	-0.65	-0.99884	-1.99769
6.49197	-0.689902	-1.02428	-1.60715	6.40696	-0.842921	6.5	-0.85	-0.908747	-3.63498
6.43517	-0.867914	-1.04249	-1.86966	6.45805	-1.05268	6.45	-1.05	-0.908739	-3.63494
6.34635	-0.998018	-1.308	-1.9188	6.38626	-1.15695	6.35	-1.15	-1.81897	-1.81898
6.26745	-1.152	-1.33455	-2.0615	6.25499	-1.25007	6.25	-1.25	-1.81896	-1.81896
6.34497	-1.37361	-0.0477185	-2.59275	6.43125	-1.48148	6.3	-1.45	0.909739	-3.63894
6.34154	-1.5609	-0.0651685	-2.72318	6.36328	-1.65656	6.35	-1.65	0.909727	-3.63891
6.2881	-1.69325	-0.487084	-2.62377	6.3228	-1.81431	6.3	-1.8	-0.999494	-2.9985
6.2555	-1.86445	-0.520405	-2.7404	6.24641	-1.95075	6.25	-1.95	-0.999489	-2.99847
6.29884	-2.06433	0.0971021	-3.08719	6.31851	-2.10969	6.3	-2.1	0.999984	-2.99994
6.31063	-2.22259	0.108175	-3.09644	6.34644	-2.23829	6.35	-2.25	0.999979	-2.99994
6.30051	-2.38149	-0.0434844	-3.01633	6.32593	-2.40018	6.35	-2.4	0	-2.72613
6.30776	-2.5459	-0.0235319	-3.00936	6.34927	-2.55175	6.35	-2.55	0	-2.72611
6.34971	-2.73302	0.3202	-3.18034	6.43125	-2.71878	6.4	-2.7	0.909499	-2.72851
6.38466	-2.8836	0.368773	-3.10851	6.43257	-2.84245	6.45	-2.85	0.909503	-2.72851
6.39766	-3.02105	0.278517	-3.01533	6.46536	-3.00452	6.45	-3	0	-2.99754
6.41911	-3.16331	0.298717	-2.98945	6.44119	-3.14955	6.45	-3.15	0	-2.99754
6.46858	-3.34328	0.557495	-3.13005	6.52249	-3.32007	6.5	-3.3	0.910402	-2.7312
6.51321	-3.49443	0.598401	-3.06977	6.5453	-3.45745	6.55	-3.45	0.910402	-2.7312
6.58861	-3.67537	0.921739	-3.22804	6.6358	-3.59197	6.65	-3.6	1.81722	-2.72583
6.67366	-3.8137	1.01641	-3.1123	6.76011	-3.75457	6.75	-3.75	1.81721	-2.72581
6.72918	-3.96202	0.940073	-2.99691	6.83625	-3.92723	6.8	-3.9	0.907988	-2.72396
6.80461	-4.09945	1.0058	-2.91635	6.85997	-4.05805	6.85	-4.05	0.907976	-2.72393
6.85749	-4.24397	0.958104	-2.8428	6.86943	-4.18507	6.9	-4.2	0.909334	-2.72801
6.92267	-4.38042	0.995801	-2.7869	6.94332	-4.34473	6.95	-4.35	0.90933	-2.72799
6.95382	-4.49886	0.734633	-2.55255	7.05156	-4.49706	7	-4.45	0.910054	-1.8201
7.01322	-4.60768	0.792702	-2.46516	7.04099	-4.55018	7.05	-4.55	0.910054	-1.8201
7.07283	-4.7417	0.895869	-2.50104	7.10252	-4.67934	7.1	-4.7	0.908302	-2.72489
7.12988	-4.87151	0.916736	-2.47808	7.14735	-4.86125	7.15	-4.85	0.908297	-2.72489
7.22893	-5.0419	1.29606	-2.75331	7.3138	-5.05204	7.25	-5	1.81907	-2.72861
7.30485	-5.18086	1.31288	-2.7205	7.30424	-5.15404	7.35	-5.15	1.81907	-2.72861
7.36465	-5.31496	1.22129	-2.63258	7.29446	-5.23429	7.4	-5.3	0.908194	-2.7246
7.43639	-5.45631	1.23297	-2.62182	7.44737	-5.45308	7.45	-5.45	0.90819	-2.72457
7.51226	-5.59654	1.24591	-2.60333	7.63082	-5.61863	7.55	-5.55	1.81974	-1.81974
7.60375	-5.71123	1.31114	-2.52406	7.64356	-5.66706	7.65	-5.65	1.81972	-1.81972
7.66671	-5.83622	1.24596	-2.45345	7.60376	-5.74774	7.7	-5.8	0.90983	-2.72951
7.73668	-5.96586	1.25194	-2.44021	7.7342	-5.95374	7.75	-5.95	0.909826	-2.72948
7.84917	-6.12917	1.68224	-2.79165	7.82165	-6.06822	7.85	-6.1	1.9986	-2.9979
7.94181	-6.25895	1.70593	-2.764	7.95703	-6.24328	7.95	-6.25	1.99858	-2.99787
8.02177	-6.38896	1.52222	-2.5825	8.17338	-6.44684	8.05	-6.35	1.81738	-1.81739
8.12723	-6.50226	1.58469	-2.50391	8.15891	-6.45335	8.15	-6.45	1.81737	-1.81737
8.19605	-6.62205	1.46215	-2.3941	8.08628	-6.51855	8.2	-6.6	0.909293	-2.72787
8.27122	-6.7543	1.45033	-2.39786	8.25411	-6.74791	8.25	-6.75	0.909293	-2.72787
8.35019	-6.88306	1.47248	-2.40969	8.25648	-6.78122	8.35	-6.85	1.81994	-1.81993
8.44091	-6.99655	1.50352	-2.36053	8.44494	-6.95805	8.45	-6.95	1.81993	-1.81993
8.50605	-7.10635	1.45654	-2.32108	8.39359	-7.01743	8.5	-7.1	1.00006	-3.00018
8.56888	-7.23196	1.42978	-2.3482	8.54925	-7.24433	8.55	-7.25	1.00006	-3.00018
8.67411	-7.3854	1.73247	-2.63097	8.64403	-7.39047	8.65	-7.4	1.99807	-2.99712
8.75171	-7.52695	1.70744	-2.65829	8.73559	-7.5421	8.75	-7.55	1.99808	-2.99712
8.80615	-7.63588	1.34398	-2.32903	8.87176	-7.71912	8.8	-7.65	0.909955	-1.8199
8.87177	-7.76499	1.32512	-2.33539	8.84538	-7.75497	8.85	-7.75	0.909946	-1.81988
8.94544	-7.89399	1.41401	-2.43095	8.88333	-7.88636	8.9	-7.9	0.999086	-2.9973
8.99891	-8.0282	1.36946	-2.46799	8.95966	-8.0381	8.95	-8.05	0.999095	-2.9973
9.03155	-8.12515	1.0607	-2.18461	8.8564	-8.01424	9	-8.15	0.909309	-1.8186
9.08173	-8.24808	1.04107	-2.1947	9.05896	-8.24314	9.05	-8.25	0.909301	-1.81859
9.15649	-8.38689	1.23569	-2.39894	9.17781	-8.47056	9.1	-8.4	1.0004	-3.00119
9.19626	-8.52585	1.17718	-2.45267	9.15332	-8.54857	9.15	-8.55	1.00038	-3.00117
9.23455	-8.63692	0.952306	-2.24124	9.22922	-8.6898	9.2	-8.65	0.909508	-1.819
9.27446	-8.76728	0.920801	-2.26307	9.24541	-8.76863	9.25	-8.75	0.9095	-1.81899
9.40278	-8.97539	1.6475	-3.01382	9.37748	-9.00609	9.35	-8.95	1.99965	-3.99928
9.47171	-9.13804	1.61136	-3.04696	9.44703	-9.15328	9.45	-9.15	1.99964	-3.99928
9.50958	-9.24373	1.24301	-2.66739	9.50096	-9.25642	9.5	-9.25	0.999584	-1.99917
9.56627	-9.37345	1.23254	-2.66169	9.54157	-9.35195	9.55	-9.35	0.999584	-1.99917
9.602	-9.48303	1.05123	-2.48537	9.47534	-9.42627	9.55	-9.5	0	-3.00023
9.62058	-9.63074	0.963062	-2.55349	9.54779	-9.64959	9.55	-9.65	0	-3.0002
9.68212	-9.78015	1.07834	-2.6947	9.69942	-9.88416	9.6	-9.8	0.999005	-2.997
9.70913	-9.93018	1.00984	-2.74077	9.64606	-9.9341	9.65	-9.95	0.998995	-2.997
9.73126	-10.0449	0.757894	-2.47181	9.60087	-9.96395	9.7	-10.05	0.909855	-1.81969
9.76761	-10.1732	0.749056	-2.45734	9.73801	-10.1396	9.75	-10.15	0.909847	-1.81969
9.81193	-10.3067	0.7727	-2.49173	9.92627	-10.4745	9.75	-10.3	0	-3.00065
9.81858	-10.4535	0.688826	-2.555	9.75524	-10.4732	9.75	-10.45	0	-3.00063
9.8605	-10.6042	0.773452	-2.66405	9.71825	-10.5087	9.8	-10.6	0.90817	-2.72451
9.88734	-10.7575	0.733947	-2.68523	9.85048	-10.7526	9.85	-10.75	0.908161	-2.72448
9.9048	-10.8808	0.540823	-2.47168	9.88465	-10.9383	9.85	-10.9	0	-2.73074
9.90187	-11.035	0.456556	-2.52574	9.83614	-11.041	9.85	-11.05	0	-2.73073
9.92324	-11.1661	0.473197	-2.56304	9.83952	-11.1692	9.85	-11.2	0	-2.99965
9.91034	-11.3208	0.375937	-2.6366	9.84568	-11.3496	9.85	-11.35	0	-2.99961
9.92692	-11.4594	0.372783	-2.65856	9.87961	-11.5637	9.85	-11.5	0	-2.99843
9.90744	-11.6154	0.273336	-2.72471	9.83206	-11.6307	9.85	-11.65	0	-2.99843
9.8731	-11.6919	-0.153542	-2.19868	9.85311	-11.8523	9.8	-11.75	-1.0003	-2.00061
9.82599	-11.8258	-0.256954	-2.2672	9.74928	-11.8442	9.75	-11.85	-1.00029	-2.00059
9.81333	-11.95	-0.21535	-2.34878	9.69694	-11.9706	9.7	-12	-1.0004	-3.00119
9.74865	-12.1049	-0.359636	-2.45173	9.65354	-12.1497	9.65	-12.15	-1.00039	-3.00116
9.70981	-12.203	-0.558736	-2.19917	9.72311	-12.3964	9.6	-12.25	-0.999885	-1.99981
9.63763	-12.3365	-0.6742	-2.2673	9.54859	-12.3478	9.55	-12.35	-0.999884	-1.99979
9.5651	-12.3992	-0.976184	-1.86361	9.39039	-12.3902	9.45	-12.45	-1.99803	-1.99805
9.46233	-12.5238	-1.11887	-1.95142	9.36086	-12.5501	9.35	-12.55	-1.99804	-1.99804
9.39829	-12.6356	-1.12412	-1.96645	9.34456	-12.7106	9.3	-12.65	-0.909773	-1.81953
9.29771	-12.761	-1.22523	-2.01768	9.22134	-12.7613	9.25	-12.75	-0.909773	-1.81954
9.1871	-12.7854	-1.67916	-1.34319	9.15326	-13.0031	9.05	-12.85	-3.99257	-1.99629
9.00856	-12.9054	-1.93079	-1.48911	8.84161	-12.9519	8.85	-12.95	-3.99253	-1.99627
8.88276	-12.9642	-2.06159	-1.30811	8.71632	-12.9613	8.75	-13	-1.8213	-0.910651
8.73361	-13.0494	-2.15515	-1.34878	8.66358	-13.0431	8.65	-13.05	-1.8213	-0.910651
8.60356	-13.0803	-2.35024	-1.03277	8.54518	-13.1702	8.5	-13.1	-2.997	-0.999005
8.44099	-13.1511	-2.46872	-1.08828	8.35763	-13.1557	8.35	-13.15	-2.997	-0.998995
8.27654	-13.1503	-2.73749	-0.601022	8.22926	-13.1698	8.2	-13.15	-2.72741	0
8.09852	-13.1853	-2.80619	-0.614334	8.03583	-13.1513	8.05	-13.15	-2.72742	0
7.92944	-13.188	-2.91508	-0.408214	7.82914	-13.0525	7.9	-13.15	-2.72986	0
7.77266	-13.2001	-2.90232	-0.386129	7.76538	-13.1647	7.75	-13.15	-2.72986	0
7.64233	-13.2579	-2.76168	-0.676427	7.66146	-13.3079	7.6	-13.2	-2.9979	-0.999304
7.48861	-13.2883	-2.79875	-0.67493	7.44786	-13.2517	7.45	-13.25	-2.9979	-0.999304
7.31518	-13.276	-2.9568	-0.335077	7.21108	-13.0985	7.3	-13.25	-2.72846	0
7.1608	-13.2811	-2.93071	-0.305843	7.16011	-13.2382	7.15	-13.25	-2.72844	0
6.98515	-13.2126	-3.18806	0.2871	6.88472	-12.9588	7	-13.2	-2.99784	0.999284
6.83837	-13.1855	-3.1505	0.316061	6.84891	-13.1493	6.85	-13.15	-2.99784	0.999284
6.66525	-13.1534	-3.19862	0.458222	6.77424	-13.2337	6.7	-13.1	-2.72787	0.909275
6.51959	-13.1088	-3.11423	0.505397	6.55759	-13.0679	6.55	-13.05	-2.72787	0.909284
6.36127	-13.1118	-2.99925	0.246107	6.40137	-13.0799	6.4	-13.05	-2.72678	0
6.22443	-13.0826	-2.92149	0.284825	6.26174	-13.0534	6.25	-13.05	-2.72678	0
6.05991	-13.042	-2.98453	0.474016	6.10143	-13.0076	6.1	-13	-2.72966	0.909888
5.91892	-12.9976	-2.91862	0.516217	5.94198	-12.9494	5.95	-12.95	-2.72963	0.90988
5.75018	-12.8787	-3.17971	1.25296	5.79854	-12.8478	5.8	-12.85	-2.99777	1.99851
5.6195	-12.7946	-3.0983	1.30165	5.65107	-12.7365	5.65	-12.75	-2.99778	1.99852
5.46517	-12.7567	-2.95727	0.967449	5.50547	-12.5721	5.55	-12.7	-1.81798	0.908995
5.35726	-12.6818	-2.80805	1.02384	5.43839	-12.652	5.45	-12.65	-1.81799	0.908995
5.19565	-12.5702	-2.92966	1.44206	5.27506	-12.4782	5.3	-12.55	-2.72627	1.81753
5.07252	-12.4786	-2.82672	1.4755	5.1307	-12.4684	5.15	-12.45	-2.72625	1.8175
4.9268	-12.3983	-2.79524	1.45962	5.04446	-12.3808	5.05	-12.35	-1.8199	1.81989
4.83793	-12.292	-2.61788	1.5259	4.92985	-12.2499	4.95	-12.25	-1.81991	1.8199
4.70668	-12.1838	-2.65511	1.71648	4.75061	-11.9803	4.85	-12.15	-1.99928	1.99929
4.64464	-12.0784	-2.46387	1.77216	4.75915	-12.0666	4.75	-12.05	-1.99928	1.99928
4.5176	-11.9566	-2.47888	1.94879	4.69113	-11.9084	4.7	-11.9	-0.908236	2.72471
4.48739	-11.8094	-2.18755	2.05185	4.64378	-11.7442	4.65	-11.75	-0.908231	2.7247
4.39694	-11.7272	-2.0287	1.75228	4.59746	-11.6205	4.6	-11.65	-0.909847	1.81971
4.38971	-11.5999	-1.74562	1.83868	4.54975	-11.5706	4.55	-11.55	-0.909843	1.81969
4.28016	-11.3892	-2.03696	2.80653	4.47442	-11.3673	4.5	-11.35	-1.0008	4.0032
4.28147	-11.2114	-1.75435	2.90654	4.44059	-11.1496	4.45	-11.15	-1.0008	4.00321
4.23665	-11.129	-1.43155	2.2052	4.43713	-11.024	4.45	-11.05	0	1.81614
4.27218	-10.9713	-1.12023	2.3078	4.45136	-10.93	4.45	-10.95	0	1.81612
4.22956	-10.8334	-1.07889	2.36826	4.44745	-10.786	4.45	-10.8	0	2.72555
4.28124	-10.6704	-0.777911	2.46515	4.45788	-10.6457	4.45	-10.65	0	2.72554
4.25955	-10.5376	-0.712368	2.44024	4.46329	-10.5756	4.45	-10.5	0	2.729
4.30666	-10.3736	-0.477485	2.52679	4.44057	-10.3382	4.45	-10.35	0	2.72898
4.30897	-10.244	-0.365937	2.42531	4.51895	-10.2367	4.5	-10.2	0.908962	2.72687
4.38941	-10.0765	-0.0930455	2.52724	4.54925	-10.0439	4.55	-10.05	0.908954	2.72685
4.41016	-9.94047	-0.00813027	2.49139	4.63224	-9.9707	4.6	-9.9	0.909756	2.72927
4.49647	-9.77381	0.226569	2.58289	4.63755	-9.74952	4.65	-9.75	0.909752	2.72926
4.52	-9.61329	0.24598	2.6577	4.60757	-9.4335	4.7	-9.6	0.90859	2.72578
4.60973	-9.44804	0.448635	2.72675	4.74589	-9.4609	4.75	-9.45	0.908586	2.72576
4.67837	-9.32787	0.664972	2.46649	4.89179	-9.39473	4.85	-9.3	1.81967	2.72952
4.80127	-9.1603	0.897236	2.56871	4.94849	-9.13867	4.95	-9.15	1.81967	2.72951
4.88117	-9.05317	1.09838	2.3287	4.95209	-8.96272	5	-9.05	0.999884	1.99977
4.9699	-8.93052	1.18607	2.35801	5.04121	-8.94979	5.05	-8.95	0.999874	1.99974
5.05353	-8.80683	1.25379	2.31631	5.20806	-8.88942	5.15	-8.8	1.81805	2.72708
5.17483	-8.65607	1.39423	2.39037	5.26887	-8.63564	5.25	-8.65	1.81803	2.72705
5.28229	-8.56187	1.61677	2.14378	5.3785	-8.56768	5.35	-8.55	1.99956	1.99957
5.39261	-8.4406	1.69545	2.18872	5.44864	-8.42738	5.45	-8.45	1.99954	1.99954
5.49493	-8.33178	1.74343	2.126	5.56465	-8.44845	5.5	-8.35	0.909045	1.81807
5.57167	-8.22673	1.69161	2.09048	5.53862	-8.24357	5.55	-8.25	0.909045	1.81808
5.66623	-8.10616	1.6979	2.10258	5.64921	-8.02513	5.7	-8.1	2.72608	2.72608
5.79144	-7.97286	1.7825	2.15782	5.85094	-7.95601	5.85	-7.95	2.72606	2.72606
5.90481	-7.86078	1.87531	2.07803	5.93492	-7.84119	5.95	-7.85	1.81801	1.81801
6.0249	-7.73843	1.91945	2.10513	6.05986	-7.73559	6.05	-7.75	1.81802	1.81801
6.13434	-7.62596	1.9469	2.07678	6.13741	-7.63243	6.15	-7.65	1.81798	1.81798
6.2427	-7.5185	1.94742	2.06266	6.25659	-7.54336	6.25	-7.55	1.81798	1.81798
6.35966	-7.41458	2.01371	1.9957	6.39143	-7.46358	6.35	-7.45	1.82027	1.82027
6.4588	-7.32287	1.97973	1.94901	6.452	-7.36418	6.45	-7.35	1.82025	1.82025
6.5892	-7.24199	2.23639	1.7294	6.47916	-7.09783	6.6	-7.25	2.99862	1.99908
6.71714	-7.14745	2.27691	1.75746	6.7556	-7.14598	6.75	-7.15	2.99862	1.99908
6.79526	-7.02177	1.95973	2.01126	6.68682	-6.93297	6.8	-7.05	0.908005	1.816
6.88855	-6.92523	1.92047	1.97	6.86356	-6.94732	6.85	-6.95	0.908	1.81601
7.03448	-6.84607	2.2152	1.7256	7.08741	-6.92602	7	-6.85	2.72856	1.81904
7.15643	-6.75118	2.21561	1.72576	7.15695	-6.75136	7.15	-6.75	2.72854	1.81902
7.251	-6.64212	1.99786	1.88602	7.29976	-6.68807	7.25	-6.65	1.8202	1.8202
7.35696	-6.54561	1.9866	1.86712	7.35505	-6.56058	7.35	-6.55	1.82018	1.82018
7.5277	-6.49516	2.5306	1.47286	7.53544	-6.5372	7.5	-6.5	2.99964	0.999884
7.65062	-6.43374	2.5177	1.44195	7.65664	-6.46417	7.65	-6.45	2.99964	0.999884
7.7716	-6.35236	2.42226	1.48126	7.67559	-6.34628	7.75	-6.4	1.81709	0.908549
7.88277	-6.30274	2.3616	1.39202	7.85193	-6.35845	7.85	-6.35	1.81709	0.908545
8.00947	-6.22932	2.33706	1.39521	8.03231	-6.28406	8	-6.25	2.72931	1.81954
8.13849	-6.15057	2.33908	1.40053	8.13749	-6.14586	8.15	-6.15	2.72928	1.81952
8.22415	-6.06151	2.09383	1.56097	8.21488	-6.01843	8.25	-6.05	1.99977	1.99976
8.33417	-5.97142	2.10976	1.59318	8.33626	-5.94674	8.35	-5.95	1.99977	1.99976
8.50079	-5.90421	2.50153	1.37514	8.50318	-5.89335	8.5	-5.9	2.72796	0.909326
8.63986	-5.83759	2.50159	1.35396	8.65894	-5.86309	8.65	-5.85	2.72796	0.909321
8.73386	-5.7432	2.14524	1.55261	8.77185	-5.74314	8.75	-5.75	1.81776	1.81775
8.85393	-5.6526	2.15134	1.56655	8.85444	-5.64273	8.85	-5.65	1.81774	1.81773
8.9483	-5.56853	2.02308	1.63521	9.02394	-5.6024	8.95	-5.55	1.99657	1.99656
9.05292	-5.47588	2.03362	1.66373	9.05088	-5.45385	9.05	-5.45	1.99654	1.99655
9.2107	-5.39821	2.44526	1.46994	9.04088	-5.29691	9.2	-5.4	2.72728	0.909094
9.34372	-5.3206	2.44118	1.46104	9.34223	-5.32623	9.35	-5.35	2.72727	0.90909
9.42582	-5.22383	2.03816	1.63813	9.39579	-5.21659	9.45	-5.25	1.81816	1.81815
9.54142	-5.13176	2.04594	1.64486	9.55303	-5.13194	9.55	-5.15	1.81813	1.81813
9.63729	-5.0423	1.88624	1.69819	9.75019	-5.14652	9.65	-5.05	1.82036	1.82036
9.74631	-4.94128	1.89948	1.72053	9.7586	-4.93134	9.75	-4.95	1.82036	1.82037
9.83747	-4.84216	1.76647	1.77666	9.9198	-4.86941	9.85	-4.85	1.81578	1.81577
9.93948	-4.74222	1.77654	1.78422	9.95641	-4.74358	9.95	-4.75	1.81575	1.81575
10.0176	-4.6308	1.61807	1.86568	10.0029	-4.54771	10.05	-4.6	1.82039	2.7306
10.1204	-4.49752	1.65415	1.95151	10.1428	-4.45119	10.15	-4.45	1.8204	2.7306
10.2065	-4.37757	1.60703	1.99947	10.1981	-4.26556	10.25	-4.3	1.81769	2.72652
10.3175	-4.22409	1.66226	2.12231	10.3644	-4.16342	10.35	-4.15	1.81768	2.7265
10.4496	-4.11121	1.93472	2.05586	10.5985	-4.12247	10.45	-4.05	1.81792	1.81792
10.5569	-3.97965	1.94071	2.10468	10.5415	-3.9454	10.55	-3.95	1.8179	1.8179
10.6555	-3.8605	1.85694	2.13445	10.7092	-3.85166	10.65	-3.85	1.81903	1.81904
10.7579	-3.74545	1.85711	2.12851	10.7616	-3.75002	10.75	-3.75	1.81902	1.81903
10.7995	-3.61923	1.37289	2.24818	10.795	-3.60617	10.8	-3.6	0.909773	2.72931
10.8727	-3.48417	1.37092	2.27788	10.8527	-3.46164	10.85	-3.45	0.909764	2.72928
10.9815	-3.36902	1.69666	2.22313	10.9584	-3.30584	10.95	-3.3	1.99953	2.99928
11.0681	-3.22135	1.70683	2.32099	11.0447	-3.1561	11.05	-3.15	1.9995	2.99925
11.1068	-3.08092	1.24907	2.42845	11.1178	-2.98807	11.1	-3	0.907725	2.72317
11.1738	-2.91794	1.25022	2.50611	11.1427	-2.86566	11.15	-2.85	0.907708	2.72314
11.2213	-2.77147	1.09517	2.54975	11.1491	-2.68183	11.2	-2.7	0.908929	2.72678
11.28	-2.60246	1.09572	2.62664	11.2525	-2.55311	11.25	-2.55	0.908929	2.72678
11.2112	-2.44975	0.0743892	2.76879	11.1188	-2.36202	11.2	-2.4	-0.909276	2.72782
11.2068	-2.28368	0.0599224	2.80382	11.1594	-2.25598	11.15	-2.25	-0.909276	2.72782
11.3201	-2.12611	0.989594	2.71612	11.2029	-2.09837	11.25	-2.1	1.81915	2.72871
11.3712	-1.97017	0.98397	2.73326	11.3525	-1.95787	11.35	-1.95	1.81913	2.72869
11.3708	-1.82068	0.562789	2.76399	11.3011	-1.79507	11.35	-1.8	0	2.73035
11.3893	-1.67159	0.539679	2.75365	11.3326	-1.67041	11.35	-1.65	0	2.73033
11.3225	-1.53192	-0.144191	2.79829	11.0622	-1.44342	11.3	-1.5	-0.999165	2.99748
11.3064	-1.38027	-0.159548	2.8281	11.2595	-1.35818	11.25	-1.35	-0.999155	2.99745
11.2542	-1.22995	-0.489366	2.82821	11.1658	-1.23674	11.2	-1.25	-0.909822	1.81964
11.2127	-1.10865	-0.516137	2.73217	11.1524	-1.15803	11.15	-1.15	-0.909822	1.81964
11.0861	-0.977159	-1.2766	2.74084	10.8534	-0.929069	11.05	-0.95	-1.99817	3.99632
11.0129	-0.798347	-1.29357	2.85348	10.9584	-0.728742	10.95	-0.75	-1.99816	3.99632
10.963	-0.639872	-1.08379	2.8536	10.8608	-0.663121	10.9	-0.649999	-0.908549	1.8171
10.8962	-0.510452	-1.09573	2.77672	10.8648	-0.553034	10.85	-0.549999	-0.908532	1.81708
10.7911	-0.373186	-1.48523	2.73327	10.8451	-0.437482	10.75	-0.45	-1.8174	1.81738
10.6995	-0.271827	-1.49998	2.59725	10.6542	-0.347474	10.65	-0.35	-1.8174	1.81738
10.5219	-0.156194	-2.28457	2.51029	10.5062	-0.245062	10.5	-0.25	-2.72796	1.81864
10.3875	-0.0702154	-2.29625	2.36604	10.3438	-0.150982	10.35	-0.15	-2.72796	1.81864
10.2988	0.048305	-2.0471	2.34039	10.4884	-0.0812124	10.25	-0.0999996	-1.81964	0.909826
10.1822	0.0889632	-2.04612	2.09721	10.1537	-0.0482457	10.15	-0.0499992	-1.81963	0.909818
10.0275	0.175309	-2.36617	2.00553	9.92588	0.00395802	10	9.49949e-07	-2.73049	0.910169
9.89293	0.188253	-2.36456	1.73615	9.85676	0.0351738	9.85	0.0500011	-2.73047	0.910161
9.73477	0.253284	-2.56968	1.64272	9.63973	0.0585714	9.7	0.0500011	-2.72439	0
9.58887	0.225416	-2.56598	1.31418	9.54669	0.0374948	9.55	0.0500011	-2.72438	0
9.42835	0.272594	-2.69657	1.23892	9.32242	0.112393	9.4	0.100001	-2.72773	0.90923
9.27617	0.269015	-2.69738	1.03909	9.24446	0.153574	9.25	0.15	-2.7277	0.909222
9.12297	0.309075	-2.72015	0.989944	9.0614	0.20077	9.1	0.2	-2.72652	0.908843
8.97007	0.324358	-2.72288	0.880357	8.94752	0.260272	8.95	0.25	-2.72653	0.908843
8.87504	0.359696	-2.28094	0.860238	8.90199	0.247143	8.85	0.25	-1.81847	0
8.75331	0.35256	-2.26973	0.707731	8.76016	0.263752	8.75	0.25	-1.81846	0
8.53872	0.364871	-2.99339	0.604176	8.46355	0.258809	8.55	0.25	-3.6326	0
8.37218	0.343597	-2.99214	0.450703	8.35367	0.252596	8.35	0.25	-3.6326	0
8.21952	0.349978	-2.84283	0.403953	8.05161	0.241868	8.2	0.25	-2.72841	0
8.06312	0.326065	-2.83967	0.273615	8.05411	0.247878	8.05	0.25	-2.72842	0
7.9179	0.319481	-2.7103	0.21618	7.78653	0.205765	7.9	0.2	-2.72708	-0.909025
7.76638	0.262816	-2.71033	0.0214072	7.74339	0.144028	7.75	0.15	-2.72705	-0.909016
7.62452	0.233912	-2.70772	-0.0655404	7.77346	0.0969346	7.6	0.100001	-2.73169	-0.910554
7.47358	0.163379	-2.70888	-0.256838	7.45362	0.0452052	7.45	0.0500011	-2.73169	-0.910554
7.30808	0.131706	-2.90999	-0.313536	7.15329	0.0425189	7.3	0.0500011	-2.99789	0
7.16362	0.0858083	-2.90752	-0.400528	7.16618	0.0287673	7.15	0.0500011	-2.9979	0
7.07894	0.0386587	-2.31131	-0.472228	7.17215	-0.0469302	7.05	-0.0499995	-1.81811	-1.81813
6.95267	-0.0428777	-2.31027	-0.633205	6.95426	-0.147757	6.95	-0.15	-1.8181	-1.81811
6.85564	-0.116112	-2.05125	-0.749388	6.83008	-0.250179	6.85	-0.25	-1.81646	-1.81646
6.74617	-0.222162	-2.04795	-0.93811	6.76395	-0.345347	6.75	-0.35	-1.81645	-1.81645
6.66697	-0.316672	-1.79409	-1.07382	6.74798	-0.457727	6.65	-0.45	-1.81901	-1.819
6.56312	-0.440795	-1.81012	-1.26452	6.54569	-0.565853	6.55	-0.549999	-1.81899	-1.81898
6.5374	-0.580201	-1.1943	-1.5129	6.565	-0.754748	6.5	-0.749999	-0.909789	-3.63914
6.46417	-0.757216	-1.22372	-1.78885	6.4494	-0.940848	6.45	-0.949999	-0.909781	-3.63911
6.42277	-0.910337	-1.04453	-1.99916	6.44213	-1.11266	6.4	-1.1	-1.0002	-3.00061
6.36083	-1.09154	-1.08323	-2.23854	6.34405	-1.26138	6.35	-1.25	-1.0002	-3.00061
6.32057	-1.2404	-0.971258	-2.36676	6.39474	-1.36501	6.3	-1.35	-1.00035	-2.00072
6.26681	-1.38116	-0.988662	-2.43309	6.25356	-1.42931	6.25	-1.45	-1.00036	-2.00072
6.27709	-1.55919	-0.44087	-2.7108	6.24787	-1.61119	6.25	-1.6	0	-2.99288
6.24948	-1.71344	-0.458852	-2.76504	6.23547	-1.75335	6.25	-1.75	0	-2.99285
6.28929	-1.90716	0.0793419	-3.01445	6.41111	-1.93027	6.3	-1.9	0.909739	-2.72921
6.30464	-2.06442	0.104632	-2.98797	6.34873	-2.05372	6.35	-2.05	0.909735	-2.72921
6.31287	-2.21793	0.0411525	-2.92833	6.53066	-2.26346	6.35	-2.2	0	-2.72782
6.32771	-2.36357	0.0739423	-2.88185	6.36917	-2.33894	6.35	-2.35	0	-2.72779
6.33272	-2.52813	0.109636	-2.91447	6.27034	-2.51837	6.35	-2.55	0	-3.63689
6.33679	-2.70233	0.0984041	-2.95375	6.34287	-2.73391	6.35	-2.75	0	-3.63689
6.3871	-2.89902	0.469771	-3.17851	6.45883	-2.92313	6.4	-2.9	0.908854	-2.72658
6.41904	-3.06865	0.485085	-3.16237	6.43866	-3.06257	6.45	-3.05	0.908859	-2.72658
6.46033	-3.24069	0.582707	-3.18756	6.49154	-3.20004	6.5	-3.2	0.908863	-2.72658
6.50708	-3.39008	0.627872	-3.11295	6.53579	-3.34211	6.55	-3.35	0.908855	-2.72655
6.55796	-3.55086	0.685949	-3.08916	6.70146	-3.53446	6.6	-3.5	0.908714	-2.72613
6.61327	-3.69186	0.739272	-3.00634	6.64657	-3.63945	6.65	-3.65	0.908702	-2.72611
6.66786	-3.85483	0.825061	-3.02838	6.70956	-3.81739	6.7	-3.8	0.909565	-2.72871
6.72599	-4.00071	0.863734	-2.9699	6.74885	-3.96368	6.75	-3.95	0.909561	-2.72869
6.77039	-4.14854	0.826007	-2.90466	6.73758	-4.06653	6.8	-4.1	0.908566	-2.72568
6.8302	-4.28833	0.867826	-2.84747	6.85796	-4.25464	6.85	-4.25	0.908561	-2.72569
6.92842	-4.47001	1.21922	-3.06426	7.10395	-4.49091	6.95	-4.4	1.81821	-2.72732
7.01481	-4.60911	1.27708	-2.98172	7.04679	-4.55716	7.05	-4.55	1.81822	-2.72732
7.07332	-4.74951	1.17141	-2.86179	7.02393	-4.64459	7.1	-4.7	0.91085	-2.73253
7.14154	-4.89113	1.1885	-2.82124	7.13435	-4.85502	7.15	-4.85	0.910837	-2.73251
7.18923	-5.00851	1.04701	-2.67327	7.24619	-4.97656	7.2	-4.95	1.00033	-2.00068
7.25301	-5.11265	1.08849	-2.59527	7.25317	-5.04605	7.25	-5.05	1.00033	-2.00066
7.35091	-5.27026	1.49028	-2.88406	7.22054	-5.09604	7.35	-5.2	1.9976	-2.9964
7.43404	-5.3944	1.52013	-2.83052	7.43604	-5.34825	7.45	-5.35	1.9976	-2.9964
7.47254	-5.49924	1.1272	-2.47963	7.40989	-5.38617	7.5	-5.45	0.908252	-1.8165
7.54658	-5.61322	1.16529	-2.41921	7.55662	-5.56714	7.55	-5.55	0.908244	-1.81648
7.6292	-5.75705	1.39525	-2.58789	7.39379	-5.52612	7.65	-5.7	1.81785	-2.72677
7.72627	-5.87646	1.45162	-2.52318	7.76459	-5.8425	7.75	-5.85	1.81785	-2.72677
7.76881	-5.97677	1.09762	-2.21602	7.84699	-6.00602	7.8	-5.95	0.909078	-1.81815
7.84228	-6.07933	1.13621	-2.16351	7.85921	-6.04502	7.85	-6.05	0.909073	-1.81815
7.93958	-6.22358	1.44005	-2.40125	7.89511	-6.1416	7.95	-6.2	1.8197	-2.72955
8.02789	-6.35316	1.46139	-2.39148	8.05619	-6.36041	8.05	-6.35	1.81969	-2.72953
8.13315	-6.5023	1.63701	-2.52839	8.2234	-6.53735	8.15	-6.5	1.8187	-2.72807
8.23059	-6.64023	1.65389	-2.52248	8.25446	-6.64851	8.25	-6.65	1.81869	-2.72804
8.27987	-6.73963	1.28271	-2.19906	8.32206	-6.77114	8.3	-6.75	0.908979	-1.81795
8.34386	-6.8578	1.26965	-2.19538	8.31728	-6.8399	8.35	-6.85	0.908979	-1.81795
8.41076	-6.98187	1.29927	-2.23673	8.2713	-6.91098	8.4	-7	0.909094	-2.72732
8.46616	-7.12416	1.2543	-2.28942	8.44183	-7.15372	8.45	-7.15	0.909102	-2.72732
8.56434	-7.27909	1.51344	-2.52549	8.54154	-7.25975	8.55	-7.3	1.81751	-2.72628
8.64503	-7.4326	1.50055	-2.56071	8.65899	-7.4699	8.65	-7.45	1.81752	-2.72628
8.6969	-7.54354	1.18987	-2.27664	8.83598	-7.68162	8.7	-7.55	0.908615	-1.81723
8.76691	-7.65976	1.2044	-2.25355	8.76769	-7.64094	8.75	-7.65	0.908607	-1.81721
8.86216	-7.81159	1.48088	-2.50826	8.77916	-7.72457	8.85	-7.8	1.8215	-2.73224
8.94686	-7.9485	1.48885	-2.50487	8.95669	-7.95155	8.95	-7.95	1.82148	-2.73221
9.02792	-8.08608	1.5232	-2.55379	9.1081	-8.22433	9	-8.1	0.999025	-2.99707
9.08773	-8.22753	1.48	-2.59284	9.05476	-8.24211	9.05	-8.25	0.999015	-2.99704
9.12155	-8.32582	1.0657	-2.20521	9.13825	-8.4037	9.1	-8.35	0.908285	-1.81657
9.16887	-8.45246	1.03778	-2.22241	9.14025	-8.44981	9.15	-8.45	0.908268	-1.81655
9.23872	-8.58988	1.15687	-2.34442	9.22081	-8.59155	9.2	-8.6	0.91012	-2.73036
9.28289	-8.73706	1.10446	-2.39506	9.25031	-8.76071	9.25	-8.75	0.910112	-2.73033
9.34575	-8.87749	1.14298	-2.45106	9.30208	-8.90831	9.3	-8.9	0.909524	-2.72856
9.38638	-9.02959	1.08458	-2.50034	9.34431	-9.04587	9.35	-9.05	0.909524	-2.72856
9.44953	-9.17037	1.18194	-2.61615	9.39993	-9.18842	9.4	-9.2	0.999066	-2.99725
9.48297	-9.32864	1.11054	-2.68935	9.4452	-9.37195	9.45	-9.35	0.999075	-2.99724
9.53686	-9.47166	1.0667	-2.65146	9.48751	-9.46421	9.5	-9.5	0.909706	-2.7291
9.57919	-9.6313	1.02298	-2.6899	9.55098	-9.64789	9.55	-9.65	0.909706	-2.7291
9.63004	-9.76921	1.04248	-2.72061	9.57122	-9.75525	9.6	-9.8	1.00048	-3.00143
9.66155	-9.92188	0.987561	-2.76708	9.62408	-9.94149	9.65	-9.95	1.00046	-3.00141
9.69211	-10.0384	0.847902	-2.61266	9.61433	-9.96417	9.7	-10.05	0.998785	-1.99755
9.73984	-10.1627	0.863115	-2.59604	9.7457	-10.1502	9.75	-10.15	0.998775	-1.99754
9.76062	-10.2753	0.622977	-2.33272	9.77731	-10.3295	9.75	-10.3	0	-2.72851
9.78092	-10.4199	0.583264	-2.37504	9.76557	-10.4501	9.75	-10.45	0	-2.72849
9.83385	-10.5805	0.747248	-2.57529	9.89592	-10.7137	9.8	-10.6	0.909012	-2.72704
9.86398	-10.7339	0.716518	-2.60584	9.85066	-10.7537	9.85	-10.75	0.909012	-2.72703
9.88184	-10.8491	0.574595	-2.46019	9.84397	-10.9287	9.85	-10.9	0	-3.00318
9.88566	-10.9997	0.503979	-2.53162	9.85693	-11.0512	9.85	-11.05	0	-3.00316
9.90607	-11.1275	0.516282	-2.56416	9.74773	-11.0482	9.85	-11.2	0	-3.00013
9.89467	-11.2925	0.412555	-2.66034	9.84407	-11.3565	9.85	-11.35	0	-3.00012
9.91387	-11.4349	0.440866	-2.7242	9.79495	-11.4686	9.85	-11.5	0	-2.99592
9.89901	-11.6019	0.340454	-2.80626	9.83943	-11.6467	9.85	-11.65	0	-2.99592
9.86342	-11.6851	-0.121758	-2.22702	9.76634	-11.6976	9.8	-11.75	-0.908731	-1.81746
9.81828	-11.8318	-0.223108	-2.29496	9.74774	-11.8511	9.75	-11.85	-0.908731	-1.81746
9.80066	-11.9608	-0.266257	-2.26693	9.7856	-12.1262	9.7	-12	-0.909591	-2.72875
9.73452	-12.1179	-0.402738	-2.35746	9.64482	-12.1455	9.65	-12.15	-0.909582	-2.72873
9.70391	-12.2486	-0.432685	-2.35117	9.57233	-12.2948	9.6	-12.3	-0.908879	-2.72667
9.62935	-12.4143	-0.56963	-2.4488	9.55167	-12.4583	9.55	-12.45	-0.908879	-2.72665
9.55407	-12.4911	-0.906969	-1.99515	9.37132	-12.4833	9.45	-12.55	-1.82006	-1.82006
9.45086	-12.6305	-1.0479	-2.07895	9.359	-12.6499	9.35	-12.65	-1.82005	-1.82005
9.35158	-12.6698	-1.41304	-1.56581	9.16109	-12.6848	9.2	-12.75	-3.00047	-2.00033
9.18961	-12.7978	-1.65454	-1.70603	9.028	-12.8337	9.05	-12.85	-3.00048	-2.00033
9.06947	-12.8532	-1.85466	-1.41976	8.85918	-12.7953	8.95	-12.9	-1.81543	-0.907707
8.92163	-12.9547	-1.97557	-1.4852	8.84257	-12.9684	8.85	-12.95	-1.81542	-0.907708
8.80253	-13.0285	-2.0266	-1.42953	8.66865	-13.0114	8.7	-13.05	-2.73134	-1.82089
8.64008	-13.1316	-2.16218	-1.49869	8.55319	-13.1445	8.55	-13.15	-2.73135	-1.82089
8.47669	-13.1005	-2.62513	-0.695394	8.27267	-12.996	8.4	-13.15	-2.99683	0
8.31506	-13.1476	-2.70462	-0.731264	8.25965	-13.1488	8.25	-13.15	-2.9968	0
8.16727	-13.1986	-2.64504	-0.85781	8.04571	-13.0646	8.1	-13.2	-2.72707	-0.909028
7.99931	-13.2536	-2.70392	-0.881428	7.95841	-13.2508	7.95	-13.25	-2.72705	-0.90902
7.83597	-13.2685	-2.86694	-0.568723	7.86599	-13.4154	7.8	-13.25	-2.7295	0
7.66471	-13.2933	-2.89836	-0.56041	7.62489	-13.249	7.65	-13.25	-2.7295	0
7.5106	-13.2967	-2.99071	-0.365403	7.50783	-13.2944	7.5	-13.25	-2.99994	0
7.36097	-13.3017	-2.98502	-0.339461	7.3419	-13.2474	7.35	-13.25	-2.99994	0
7.17773	-13.2582	-3.19222	0.138965	7.19781	-13.1973	7.2	-13.2	-2.72698	0.908995
7.02774	-13.2258	-3.11757	0.195856	7.04935	-13.1606	7.05	-13.15	-2.72695	0.908987
6.84998	-13.1964	-3.15928	0.298304	6.79473	-13.0433	6.85	-13.15	-3.63709	0
6.66899	-13.178	-3.17682	0.300069	6.65123	-13.1604	6.65	-13.15	-3.63709	0
6.50075	-13.1298	-3.29389	0.589062	6.54114	-13.2079	6.5	-13.1	-3.0006	1.00018
6.34761	-13.0859	-3.25855	0.620451	6.35317	-13.0396	6.35	-13.05	-3.0006	1.00019
6.19253	-13.1179	-3.03704	0.0846425	6.27012	-13.1139	6.25	-13.05	-1.81729	0
6.07495	-13.0887	-2.90094	0.146508	6.14459	-13.0471	6.15	-13.05	-1.81729	0
5.89966	-12.999	-3.11983	0.788363	5.99498	-12.9442	6	-12.95	-2.72861	1.81906
5.78857	-12.9196	-2.95114	0.874683	5.86379	-12.8408	5.85	-12.85	-2.72861	1.81907
5.64383	-12.8643	-2.96841	0.967619	5.73761	-12.8672	5.7	-12.8	-2.99988	0.999964
5.5212	-12.7976	-2.89492	1.00962	5.55118	-12.7486	5.55	-12.75	-2.99985	0.999954
5.38548	-12.7618	-2.83593	0.881785	5.45236	-12.7392	5.45	-12.7	-2.00001	1
5.28989	-12.6941	-2.70756	0.939431	5.35556	-12.6423	5.35	-12.65	-1.99998	0.999994
5.15213	-12.6058	-2.79072	1.25669	5.26451	-12.5511	5.25	-12.55	-1.99732	1.99733
5.06542	-12.5126	-2.64189	1.32835	5.13769	-12.4355	5.15	-12.45	-1.9973	1.9973
4.92941	-12.431	-2.64997	1.43958	5.1317	-12.5744	5.05	-12.35	-1.8206	1.82059
4.85125	-12.3184	-2.46291	1.5212	4.94432	-12.2438	4.95	-12.25	-1.82058	1.82058
4.7207	-12.1699	-2.62521	2.11114	4.89215	-12.1623	4.85	-12.1	-1.9998	2.99969
4.65566	-12.032	-2.44112	2.18966	4.75047	-11.9578	4.75	-11.95	-1.9998	2.9997
4.55219	-11.9471	-2.32005	1.92879	4.6421	-11.7788	4.7	-11.85	-1.00002	2.00003
4.51638	-11.8174	-2.09902	2.01311	4.63967	-11.7513	4.65	-11.75	-1.00001	2.00002
4.41349	-11.6759	-2.1665	2.33066	4.58347	-11.632	4.6	-11.6	-0.998955	2.99688
4.40538	-11.522	-1.89133	2.42859	4.56619	-11.4576	4.55	-11.45	-0.99896	2.99689
4.3198	-11.3755	-1.89551	2.57802	4.46846	-11.2092	4.5	-11.3	-1.00106	3.00319
4.3156	-11.211	-1.64655	2.67155	4.46017	-11.1425	4.45	-11.15	-1.00106	3.00319
4.2656	-11.1278	-1.39038	2.10904	4.43672	-11.0976	4.45	-11.05	0	1.8168
4.28379	-10.9825	-1.13286	2.19255	4.43803	-10.9525	4.45	-10.95	0	1.81679
4.23755	-10.8464	-1.13876	2.35702	4.40556	-10.7068	4.45	-10.8	0	3.00139
4.283	-10.6964	-0.860288	2.45079	4.45507	-10.6618	4.45	-10.65	0	3.00138
4.2797	-10.6188	-0.633889	2.03672	4.44716	-10.5583	4.45	-10.55	0	2.00041
4.32467	-10.4879	-0.423849	2.11819	4.45187	-10.4417	4.45	-10.45	0	2.00038
4.31646	-10.3661	-0.398818	2.18918	4.45602	-10.2142	4.5	-10.3	0.999584	2.99875
4.39404	-10.2142	-0.130134	2.30562	4.55349	-10.1343	4.55	-10.15	0.999574	2.99871
4.395	-10.0637	-0.152633	2.47311	4.56608	-10.005	4.55	-10	0	2.72717
4.45392	-9.8968	0.0325618	2.55876	4.55922	-9.84124	4.55	-9.85	0	2.72714
4.48967	-9.7743	0.20682	2.33949	4.62339	-9.6559	4.65	-9.7	1.8193	2.72895
4.59545	-9.60279	0.465502	2.4617	4.7439	-9.53522	4.75	-9.55	1.81929	2.72894
4.62477	-9.44947	0.43458	2.63984	4.74852	-9.27389	4.8	-9.4	1.00006	3.00019
4.71974	-9.28522	0.63398	2.73581	4.8446	-9.24095	4.85	-9.25	1.00005	3.00015
4.81813	-9.20654	1.02741	2.19853	4.98605	-9.20516	4.95	-9.15	2.00004	2.00005
4.92522	-9.06986	1.1791	2.27823	5.02283	-9.03066	5.05	-9.05	2.00004	2.00004
4.97451	-8.92626	1.04737	2.53777	5.12819	-8.95913	5.1	-8.9	0.999704	2.99911
5.06919	-8.77478	1.16338	2.60856	5.14109	-8.73073	5.15	-8.75	0.999689	2.99907
5.18837	-8.682	1.50356	2.17722	5.33883	-8.81618	5.25	-8.65	1.81848	1.81849
5.30033	-8.55502	1.57976	2.20703	5.36408	-8.56805	5.35	-8.55	1.81846	1.81846
5.36503	-8.41644	1.45338	2.41188	5.38848	-8.31037	5.45	-8.4	2.00068	3.00103
5.47292	-8.27649	1.54812	2.47154	5.53874	-8.25196	5.55	-8.25	2.00066	3.00099
5.59088	-8.17845	1.82862	2.17311	5.56632	-8.04704	5.65	-8.15	1.99952	1.99953
5.70298	-8.05968	1.88313	2.20617	5.7459	-8.05196	5.75	-8.05	1.9995	1.9995
5.78447	-7.93691	1.78966	2.31381	5.78426	-7.91676	5.8	-7.95	0.999944	1.99989
5.86122	-7.83778	1.75227	2.271	5.84978	-7.88144	5.85	-7.85	0.999939	1.99988
5.9606	-7.73401	1.84907	2.16612	5.92249	-7.69769	5.95	-7.75	1.99772	1.99772
6.04744	-7.63207	1.83275	2.14868	6.04031	-7.64732	6.05	-7.65	1.99771	1.9977
6.16041	-7.5257	1.92495	2.05091	6.16773	-7.55437	6.15	-7.55	1.8199	1.8199
6.25432	-7.42599	1.89167	2.01526	6.23866	-7.45306	6.25	-7.45	1.8199	1.81991
6.3867	-7.34774	2.20194	1.73142	6.25322	-7.17734	6.4	-7.35	2.99605	1.99736
6.51399	-7.25225	2.24564	1.76137	6.55461	-7.24907	6.55	-7.25	2.99605	1.99736
6.65795	-7.174	2.40164	1.61253	6.67172	-7.23041	6.65	-7.2	1.8206	0.910303
6.77074	-7.10895	2.34802	1.54776	6.74664	-7.15616	6.75	-7.15	1.8206	0.910298
6.85264	-7.01188	2.10237	1.73957	6.79888	-6.99594	6.85	-7.05	1.99848	1.99848
6.95305	-6.93507	2.08733	1.71333	6.95342	-6.96092	6.95	-6.95	1.99846	1.99846
7.09774	-6.86132	2.29239	1.5485	7.17955	-6.9446	7.1	-6.85	2.72688	1.81792
7.23573	-6.75936	2.32595	1.59442	7.24929	-6.7261	7.25	-6.75	2.72688	1.81792
7.33437	-6.65513	2.07624	1.78248	7.42782	-6.72337	7.35	-6.65	1.81821	1.81821
7.45333	-6.55303	2.08855	1.79484	7.46332	-6.54842	7.45	-6.55	1.81821	1.81821
7.58223	-6.46928	2.21707	1.68194	7.54452	-6.5069	7.55	-6.5	1.81726	0.908632
7.68212	-6.40851	2.15612	1.59352	7.65373	-6.46481	7.65	-6.45	1.81726	0.908632
7.84334	-6.35364	2.49196	1.33991	7.8635	-6.45394	7.8	-6.4	2.72951	0.909839
7.96386	-6.30392	2.44696	1.27312	7.94162	-6.34466	7.95	-6.35	2.72948	0.909826
8.03869	-6.21566	2.12409	1.4761	7.89525	-6.11857	8.05	-6.25	2.00047	2.00048
8.13949	-6.14457	2.1115	1.46637	8.12355	-6.14389	8.15	-6.15	2.00048	2.00048
8.27021	-6.06671	2.20592	1.42241	8.31423	-6.05705	8.3	-6.05	2.72702	1.81801
8.40812	-5.97706	2.24583	1.45955	8.45315	-5.97158	8.45	-5.95	2.727	1.818
8.51807	-5.90243	2.22309	1.47495	8.53167	-5.90349	8.55	-5.9	2.00127	1.00064
8.63166	-5.82912	2.22819	1.47545	8.64207	-5.83392	8.65	-5.85	2.00128	1.00064
8.77356	-5.76714	2.43154	1.37176	8.88764	-5.82241	8.8	-5.75	2.99963	1.99976
8.91071	-5.67753	2.47155	1.4324	8.94256	-5.64534	8.95	-5.65	2.99961	1.99974
9.01261	-5.59296	2.23284	1.57139	9.21669	-5.64514	9.05	-5.55	1.99699	1.997
9.13631	-5.49216	2.26508	1.63296	9.15342	-5.45253	9.15	-5.45	1.997	1.99701
9.23492	-5.38748	2.07107	1.73876	9.16723	-5.29709	9.25	-5.35	1.8166	1.81659
9.35388	-5.27343	2.08705	1.78753	9.34852	-5.23619	9.35	-5.25	1.8166	1.81659
9.45148	-5.16633	1.96729	1.84871	9.39027	-5.1041	9.45	-5.15	1.8222	1.82219
9.55723	-5.06042	1.964	1.85901	9.54207	-5.04728	9.55	-5.05	1.82219	1.82219
9.67915	-4.98067	2.17195	1.75419	9.62802	-5.02338	9.65	-5	1.99604	0.998028
9.77584	-4.9129	2.14175	1.69673	9.75	-4.94288	9.75	-4.95	1.99605	0.998028
9.86168	-4.81473	1.88542	1.78535	9.88102	-4.86216	9.85	-4.85	1.81895	1.81894
9.9573	-4.7343	1.86437	1.73598	9.94502	-4.76247	9.95	-4.75	1.81894	1.81894
10.0339	-4.62982	1.6425	1.82521	10.0747	-4.62454	10.05	-4.6	1.81966	2.72951
10.1333	-4.50112	1.66818	1.90274	10.1384	-4.4533	10.15	-4.45	1.81965	2.72948
10.2262	-4.39193	1.68905	1.90815	10.1743	-4.32841	10.25	-4.35	1.81908	1.81907
10.3274	-4.2747	1.70861	1.94379	10.3492	-4.25956	10.35	-4.25	1.81908	1.81907
10.4156	-4.17251	1.68144	1.97142	10.56	-4.15868	10.45	-4.1	2.00061	3.0009
10.5188	-4.02939	1.72925	2.09632	10.5557	-3.96034	10.55	-3.95	2.0006	3.0009
10.638	-3.92321	1.94369	2.06025	10.7738	-3.89129	10.65	-3.85	1.99963	1.99964
10.7408	-3.79433	1.96026	2.13064	10.7394	-3.74821	10.75	-3.75	1.99962	1.99962
10.7621	-3.67044	1.33456	2.30258	10.7674	-3.58281	10.8	-3.6	0.999844	2.99952
10.842	-3.51051	1.36848	2.42643	10.8596	-3.4348	10.85	-3.45	0.999834	2.99949
10.9559	-3.3903	1.73422	2.35863	10.9601	-3.36033	10.95	-3.35	2.00065	2.00064
11.0452	-3.26441	1.74052	2.38089	11.0504	-3.25128	11.05	-3.25	2.00064	2.00064
11.0706	-3.13631	1.24647	2.48381	11.0282	-3.07488	11.1	-3.1	0.998546	2.99563
11.1408	-2.98624	1.26491	2.55532	11.1569	-2.944	11.15	-2.95	0.998526	2.9956
11.1322	-2.83826	0.619452	2.66965	11.1386	-2.78926	11.15	-2.8	0	2.73104
11.1638	-2.6776	0.616332	2.70666	11.141	-2.65084	11.15	-2.65	0	2.73102
11.166	-2.53013	0.37769	2.73119	11.1042	-2.54354	11.15	-2.55	0	1.81785
11.1766	-2.41186	0.355399	2.64206	11.1497	-2.45904	11.15	-2.45	0	1.81785
11.2779	-2.27998	1.06701	2.55918	11.1658	-2.25651	11.25	-2.25	1.99733	3.99465
11.34	-2.11314	1.08635	2.66646	11.3591	-2.05184	11.35	-2.05	1.99733	3.99465
11.3453	-1.9647	0.650796	2.70958	11.3117	-1.92025	11.35	-1.95	0	1.81854
11.374	-1.83627	0.636428	2.65198	11.3504	-1.8663	11.35	-1.85	0	1.81853
11.3835	-1.69226	0.415629	2.66417	11.4185	-1.70062	11.35	-1.7	0	2.72762
11.398	-1.54177	0.400247	2.67324	11.3568	-1.53205	11.35	-1.55	0	2.72762
11.3305	-1.39965	-0.309184	2.6996	11.2541	-1.38373	11.3	-1.4	-0.908846	2.72653
11.3013	-1.24927	-0.331833	2.70237	11.2429	-1.24238	11.25	-1.25	-0.908846	2.72653
11.1965	-1.10689	-1.0028	2.71223	11.0754	-1.08747	11.15	-1.1	-1.82014	2.73021
11.1266	-0.947118	-1.03005	2.73912	11.0544	-0.927069	11.05	-0.949999	-1.82013	2.73021
11.0549	-0.810347	-1.15538	2.74056	10.9247	-0.791254	11	-0.799999	-1.00036	3.00107
10.9883	-0.661306	-1.17126	2.7723	10.9434	-0.640459	10.95	-0.65	-1.00035	3.00104
10.865	-0.528085	-1.65992	2.75929	10.7146	-0.485949	10.85	-0.5	-2.00003	3.00006
10.7763	-0.379904	-1.67037	2.78667	10.7471	-0.362528	10.75	-0.35	-2.00002	3.00003
10.6798	-0.235389	-1.71144	2.76173	10.6895	-0.304531	10.65	-0.3	-1.81779	0.908892
10.579	-0.154044	-1.71788	2.56657	10.547	-0.266677	10.55	-0.25	-1.81778	0.908893
10.4242	-0.0513367	-2.31993	2.48248	10.5032	-0.154501	10.4	-0.15	-3.00061	2.00041
10.2988	0.0277963	-2.33233	2.3574	10.2485	-0.0475524	10.25	-0.0499992	-3.0006	2.00041
10.2028	0.126521	-2.13996	2.30928	10.1407	-0.0721585	10.15	-0.0499992	-1.99645	0
10.0874	0.133953	-2.14267	2.00886	10.0313	-0.0518611	10.05	-0.0499992	-1.99644	0
9.94525	0.211858	-2.39873	1.90857	10.0898	-0.00166396	9.9	9.49949e-07	-2.73175	0.910584
9.80534	0.21532	-2.40336	1.62701	9.74695	0.0464954	9.75	0.0500011	-2.73174	0.910584
9.63951	0.267164	-2.74611	1.53094	9.50401	0.0833188	9.6	0.100001	-2.99544	0.998471
9.49709	0.272669	-2.74775	1.33264	9.45825	0.149456	9.45	0.15	-2.99545	0.998471
9.38972	0.328746	-2.33484	1.30053	9.22819	0.16178	9.35	0.15	-1.81963	0
9.262	0.302915	-2.3248	1.02924	9.24456	0.139817	9.25	0.15	-1.81962	0
9.1039	0.331759	-2.66854	0.952409	9.0729	0.205961	9.1	0.2	-3.00059	1.0002
8.97086	0.332672	-2.66384	0.821664	8.96281	0.250937	8.95	0.25	-3.0006	1.0002
8.82293	0.356739	-2.79576	0.768228	8.84168	0.257617	8.8	0.25	-2.99995	0
8.6805	0.341968	-2.79596	0.618682	8.65606	0.24536	8.65	0.25	-2.99994	0
8.53284	0.35543	-2.83294	0.567516	8.43549	0.247188	8.5	0.25	-2.99323	0
8.38437	0.337594	-2.84081	0.436856	8.34184	0.250769	8.35	0.25	-2.9932	0
8.24365	0.344563	-2.72453	0.392255	8.27073	0.243988	8.2	0.25	-2.73233	0
8.08594	0.328917	-2.73702	0.286959	8.03847	0.260731	8.05	0.25	-2.73234	0
7.94358	0.320676	-2.80034	0.219995	7.98053	0.204587	7.9	0.2	-3.00234	-1.00078
7.79387	0.268778	-2.81385	0.0410653	7.73327	0.149199	7.75	0.15	-3.00231	-1.00077
7.62844	0.250012	-2.97148	-0.0225265	7.46173	0.143776	7.6	0.15	-2.99599	0
7.47639	0.215105	-2.97568	-0.11917	7.45455	0.149294	7.45	0.15	-2.99596	0
7.38459	0.187961	-2.37295	-0.167301	7.37986	0.0951006	7.35	0.100001	-1.81801	-0.908998
7.25712	0.135791	-2.36609	-0.290853	7.26713	0.055036	7.25	0.0500011	-1.81801	-0.908998
7.11169	0.0892429	-2.56557	-0.381621	7.32548	-0.0461763	7.1	-0.0499995	-2.72495	-1.81664
6.96463	-0.0017447	-2.57606	-0.584026	6.93127	-0.133333	6.95	-0.15	-2.72492	-1.81662
6.9378	-0.089207	-1.67869	-0.753965	7.09668	-0.264116	6.9	-0.25	-0.910634	-1.82126
6.84609	-0.203857	-1.68042	-0.967084	6.84796	-0.34284	6.85	-0.35	-0.910622	-1.82124
6.67441	-0.278291	-2.39551	-1.01802	6.64638	-0.45061	6.7	-0.45	-2.99641	-1.99759
6.55229	-0.398068	-2.40602	-1.21944	6.54772	-0.536719	6.55	-0.549999	-2.99637	-1.99757
6.50999	-0.540971	-1.64264	-1.49255	6.50462	-0.718	6.5	-0.7	-0.909955	-2.72986
6.42305	-0.698364	-1.64835	-1.71354	6.45451	-0.851695	6.45	-0.85	-0.909955	-2.72986
6.39679	-0.848699	-1.16827	-1.95609	6.42547	-0.999512	6.4	-1	-0.999224	-2.99766
6.33715	-1.01486	-1.18747	-2.15668	6.3554	-1.1624	6.35	-1.15	-0.99921	-2.99763
6.27621	-1.17548	-1.08557	-2.30166	6.14523	-1.27904	6.3	-1.3	-0.908722	-2.72618
6.21452	-1.35033	-1.10507	-2.44274	6.2299	-1.45381	6.25	-1.45	-0.908718	-2.72616
6.26789	-1.56276	-0.138192	-2.86103	6.37158	-1.60661	6.3	-1.6	0.910485	-2.73144
6.27452	-1.72668	-0.113641	-2.87805	6.34473	-1.75136	6.35	-1.75	0.910481	-2.73144
6.28098	-1.877	-0.0285982	-2.91454	6.34	-1.88987	6.35	-1.9	0	-2.99515
6.29331	-2.02429	-0.00315783	-2.91505	6.35828	-2.03886	6.35	-2.05	0	-2.99515
6.3008	-2.18632	0.0118516	-2.91851	6.45002	-2.23466	6.35	-2.2	0	-2.72856
6.30928	-2.34281	0.0292331	-2.90537	6.34057	-2.34076	6.35	-2.35	0	-2.72854
6.36143	-2.5328	0.423184	-3.10757	6.4979	-2.56206	6.4	-2.5	0.908227	-2.7247
6.40151	-2.68319	0.467747	-3.04541	6.45265	-2.65056	6.45	-2.65	0.908223	-2.72467
6.39327	-2.81289	0.127368	-2.81296	6.46538	-2.81029	6.45	-2.8	0	-2.72732
6.41397	-2.9552	0.161921	-2.77489	6.45762	-2.94003	6.45	-2.95	0	-2.7273
6.46655	-3.14371	0.581406	-3.03744	6.36717	-3.08903	6.5	-3.15	0.909078	-3.6363
6.50608	-3.31634	0.593781	-3.05004	6.54349	-3.33906	6.55	-3.35	0.90907	-3.63626
6.54885	-3.48951	0.646736	-3.08122	6.6454	-3.53435	6.6	-3.5	0.910038	-2.7301
6.5992	-3.657	0.678453	-3.07132	6.65608	-3.67065	6.65	-3.65	0.910033	-2.7301
6.63878	-3.81794	0.658064	-3.03085	6.70981	-3.81998	6.7	-3.8	0.908095	-2.7243
6.69271	-3.97131	0.702991	-2.98904	6.74422	-3.95901	6.75	-3.95	0.908091	-2.72428
6.72428	-4.11518	0.6179	-2.88651	6.72525	-4.05329	6.8	-4.1	0.910949	-2.73284
6.77831	-4.26101	0.667746	-2.84632	6.83817	-4.25449	6.85	-4.25	0.910945	-2.73284
6.80139	-4.37503	0.525045	-2.68515	6.86491	-4.32753	6.9	-4.35	0.999834	-1.99968
6.86009	-4.48274	0.608972	-2.60419	6.94879	-4.45387	6.95	-4.45	0.999829	-1.99966
6.94634	-4.64514	1.05264	-2.90034	6.99339	-4.57763	7.05	-4.6	1.99653	-2.99479
7.03413	-4.77109	1.13771	-2.83653	7.14339	-4.76622	7.15	-4.75	1.99653	-2.99479
7.07824	-4.88117	0.979224	-2.65493	7.11889	-4.79341	7.2	-4.85	1.00098	-2.00196
7.16317	-4.98325	1.07325	-2.563	7.25883	-4.94719	7.25	-4.95	1.00097	-2.00194
7.22378	-5.11446	1.04906	-2.51383	7.28536	-5.09276	7.3	-5.1	0.90969	-2.72906
7.29552	-5.24623	1.083	-2.49203	7.33925	-5.24908	7.35	-5.25	0.909677	-2.72904
7.39895	-5.40755	1.52069	-2.82432	7.33914	-5.30864	7.45	-5.4	1.99976	-2.99964
7.49231	-5.54323	1.56095	-2.803	7.5499	-5.55354	7.55	-5.55	1.99976	-2.99964
7.53711	-5.6462	1.24432	-2.52275	7.59167	-5.64447	7.6	-5.65	1.00038	-2.00076
7.61375	-5.75692	1.28395	-2.4788	7.64483	-5.73357	7.65	-5.75	1.00037	-2.00074
7.70409	-5.90644	1.4691	-2.61864	7.6402	-5.81769	7.75	-5.9	1.81659	-2.7249
7.79947	-6.04488	1.50392	-2.59855	7.84396	-6.051	7.85	-6.05	1.81659	-2.7249
7.84376	-6.14521	1.13661	-2.26799	7.91394	-6.15143	7.9	-6.15	0.909251	-1.81851
7.91846	-6.26235	1.1674	-2.24445	7.95018	-6.25957	7.95	-6.25	0.909247	-1.81849
8.00663	-6.39576	1.32394	-2.34586	8.10134	-6.38026	8.05	-6.35	1.81576	-1.81577
8.10702	-6.49656	1.3989	-2.26583	8.15891	-6.45832	8.15	-6.45	1.81577	-1.81577
8.21585	-6.63895	1.61446	-2.42096	8.3424	-6.65648	8.25	-6.6	1.8218	-2.73269
8.31457	-6.76113	1.64205	-2.39096	8.33273	-6.74641	8.35	-6.75	1.8218	-2.73269
8.39118	-6.88177	1.50203	-2.27502	8.46635	-6.96022	8.4	-6.9	0.907987	-2.72401
8.46247	-7.02006	1.47045	-2.31099	8.44383	-7.03914	8.45	-7.05	0.907988	-2.72398
8.53793	-7.1515	1.43685	-2.30755	8.53661	-7.23635	8.5	-7.2	0.910054	-2.73014
8.5912	-7.3122	1.36351	-2.39898	8.55761	-7.36836	8.55	-7.35	0.910046	-2.73012
8.66731	-7.44156	1.42044	-2.45593	8.70486	-7.48959	8.65	-7.45	1.99827	-1.99828
8.74413	-7.55986	1.43538	-2.44251	8.7565	-7.55536	8.75	-7.55	1.99828	-1.99828
8.81439	-7.68974	1.38726	-2.40865	8.74707	-7.66927	8.8	-7.7	0.909061	-2.72717
8.87634	-7.83609	1.34855	-2.44739	8.85031	-7.85391	8.85	-7.85	0.909053	-2.72715
8.94055	-7.9659	1.28611	-2.40228	8.88546	-7.96913	8.9	-8	0.908945	-2.72688
8.98734	-8.12453	1.21974	-2.47423	8.95085	-8.16397	8.95	-8.15	0.908953	-2.72687
9.05107	-8.25667	1.19592	-2.44993	9.03618	-8.239	9.05	-8.25	1.82026	-1.82027
9.13134	-8.37443	1.23675	-2.40478	9.15149	-8.34807	9.15	-8.35	1.82025	-1.82026
9.20884	-8.51077	1.39313	-2.55636	9.14011	-8.44049	9.2	-8.5	0.999884	-2.99963
9.26364	-8.64751	1.35559	-2.58361	9.22902	-8.65053	9.25	-8.65	0.999874	-2.9996
9.32536	-8.7734	1.33449	-2.57013	9.23666	-8.722	9.3	-8.8	0.999284	-2.99783
9.37905	-8.91916	1.29663	-2.61501	9.36398	-8.95164	9.35	-8.95	0.999284	-2.99784
9.41874	-9.03145	1.00155	-2.32353	9.47823	-9.13791	9.4	-9.05	0.909209	-1.81844
9.46368	-9.16291	0.976878	-2.33638	9.43696	-9.1575	9.45	-9.15	0.90921	-1.81843
9.51992	-9.29832	1.02623	-2.39773	9.44585	-9.27158	9.5	-9.3	0.908483	-2.72543
9.56314	-9.44092	0.991097	-2.42754	9.53884	-9.45193	9.55	-9.45	0.908475	-2.72542
9.62614	-9.58627	1.0458	-2.49235	9.6872	-9.68187	9.6	-9.6	0.909756	-2.72927
9.67644	-9.7346	1.02417	-2.52101	9.67284	-9.75791	9.65	-9.75	0.909739	-2.72923
9.74586	-9.8856	1.14244	-2.66045	9.86489	-10.0711	9.7	-9.9	0.998626	-2.99586
9.78387	-10.033	1.09203	-2.7008	9.74713	-10.0467	9.75	-10.05	0.998616	-2.99584
9.80816	-10.1461	0.800802	-2.39852	9.75497	-10.1932	9.75	-10.2	0	-2.72857
9.81142	-10.3144	0.690433	-2.4973	9.74697	-10.3629	9.75	-10.35	0	-2.72854
9.85488	-10.4639	0.769641	-2.60084	9.77249	-10.4428	9.8	-10.5	0.909773	-2.7293
9.8822	-10.6221	0.728068	-2.64107	9.86261	-10.6462	9.85	-10.65	0.909773	-2.7293
9.89809	-10.7441	0.528686	-2.4288	9.86786	-10.8223	9.85	-10.8	0	-2.72846
9.89483	-10.9052	0.441226	-2.50327	9.8455	-10.9408	9.85	-10.95	0	-2.72844
9.91235	-11.0429	0.406936	-2.48534	9.84594	-11.0973	9.85	-11.1	0	-2.72748
9.89598	-11.2107	0.302662	-2.56965	9.83549	-11.2481	9.85	-11.25	0	-2.72745
9.91483	-11.353	0.343932	-2.64422	9.8926	-11.4631	9.85	-11.4	0	-2.9967
9.90403	-11.5151	0.264638	-2.72034	9.87136	-11.5692	9.85	-11.55	0	-2.99671
9.89497	-11.6382	0.0508743	-2.46628	9.89882	-11.7746	9.8	-11.7	-0.909227	-2.72768
9.84067	-11.8154	-0.102055	-2.57986	9.74749	-11.8623	9.75	-11.85	-0.909218	-2.72765
9.8156	-11.9373	-0.258388	-2.39477	9.75738	-12.0161	9.7	-12	-0.908714	-2.72613
9.7449	-12.1086	-0.409662	-2.5025	9.65408	-12.1513	9.65	-12.15	-0.908706	-2.7261
9.6922	-12.2073	-0.654236	-2.18394	9.60373	-12.2428	9.6	-12.25	-0.909639	-1.81931
9.61767	-12.3431	-0.752967	-2.23281	9.54006	-12.3354	9.55	-12.35	-0.90964	-1.8193
9.53486	-12.4075	-1.07832	-1.7853	9.38815	-12.3607	9.45	-12.45	-1.81824	-1.81825
9.43068	-12.5287	-1.19577	-1.85149	9.35049	-12.5377	9.35	-12.55	-1.81823	-1.81823
9.33799	-12.5971	-1.44515	-1.51257	9.33568	-12.8372	9.2	-12.65	-2.72578	-1.81718
9.17956	-12.7236	-1.65383	-1.63366	9.04708	-12.7528	9.05	-12.75	-2.72576	-1.81717
9.08088	-12.81	-1.68761	-1.60577	8.97697	-12.8161	8.95	-12.85	-1.8192	-1.81921
8.93601	-12.9254	-1.82556	-1.68154	8.84904	-12.9423	8.85	-12.95	-1.81921	-1.81921
8.81788	-12.998	-1.93024	-1.5397	8.64934	-12.9537	8.7	-13.05	-2.72781	-1.81854
8.64796	-13.1178	-2.101	-1.63526	8.5479	-13.1496	8.55	-13.15	-2.7278	-1.81853
8.48342	-13.1107	-2.56686	-0.825169	8.43462	-13.263	8.4	-13.15	-2.72644	0
8.31436	-13.1631	-2.63821	-0.849405	8.26001	-13.1483	8.25	-13.15	-2.72641	0
8.15967	-13.1582	-2.84007	-0.479923	8.10139	-13.1447	8.1	-13.15	-3.00083	0
7.99732	-13.1836	-2.89072	-0.490448	7.95138	-13.1593	7.95	-13.15	-3.00084	0
7.8459	-13.2317	-2.81525	-0.64638	7.85182	-13.2702	7.8	-13.2	-2.72553	-0.908516
7.6735	-13.272	-2.8606	-0.661761	7.64076	-13.2654	7.65	-13.25	-2.72554	-0.908516
7.48973	-13.2352	-3.14451	-0.0606499	7.51359	-13.2891	7.5	-13.2	-2.72544	0.908483
7.34108	-13.212	-3.07234	-4.98607e-05	7.35762	-13.1417	7.35	-13.15	-2.72544	0.908483
7.17618	-13.2184	-3.04185	-0.0563819	7.19553	-13.2012	7.2	-13.15	-2.73035	0
7.0314	-13.2023	-2.97782	-0.0114174	7.05296	-13.1563	7.05	-13.15	-2.73035	0
6.86111	-13.1831	-3.05053	0.155527	6.87644	-13.2105	6.85	-13.15	-3.63616	0
6.68913	-13.168	-3.05841	0.167173	6.672	-13.1364	6.65	-13.15	-3.63617	0
6.53349	-13.194	-2.92907	-0.133395	6.53838	-13.1322	6.55	-13.15	-1.81656	0
6.41212	-13.1829	-2.82061	-0.08569	6.46904	-13.1587	6.45	-13.15	-1.81657	0
6.24316	-13.1362	-2.96165	0.288463	6.22921	-13.0167	6.3	-13.1	-2.73109	0.910352
6.11712	-13.0941	-2.858	0.349844	6.15723	-13.0319	6.15	-13.05	-2.73109	0.91036
5.93638	-12.9846	-3.10998	1.04111	5.95573	-12.8757	6	-12.95	-2.72331	1.81553
5.80714	-12.9009	-2.99224	1.10377	5.85711	-12.8423	5.85	-12.85	-2.72331	1.81554
5.65281	-12.8564	-2.93218	0.980372	5.73901	-12.8863	5.7	-12.8	-2.72842	0.909475
5.51989	-12.7871	-2.85371	1.01785	5.5559	-12.7556	5.55	-12.75	-2.72839	0.909466
5.35634	-12.6907	-2.95786	1.34669	5.41889	-12.699	5.4	-12.65	-2.731	1.82067
5.21589	-12.5985	-2.89431	1.38754	5.23681	-12.5467	5.25	-12.55	-2.731	1.82066
5.06287	-12.5139	-2.89105	1.44658	5.16911	-12.5003	5.15	-12.45	-1.81821	1.8182
4.96569	-12.4063	-2.72078	1.51605	5.04959	-12.3548	5.05	-12.35	-1.8182	1.8182
4.83907	-12.3227	-2.71223	1.58449	4.99996	-12.3538	4.95	-12.25	-1.99957	1.99957
4.77253	-12.2108	-2.52058	1.66403	4.86969	-12.1416	4.85	-12.15	-1.99954	1.99955
4.66612	-12.1419	-2.42478	1.50875	4.83937	-12.0439	4.8	-12.05	-0.999954	1.99993
4.63743	-12.0245	-2.16823	1.61194	4.77326	-11.9345	4.75	-11.95	-0.999959	1.99992
4.5167	-11.8692	-2.32634	2.16623	4.5839	-11.6711	4.65	-11.8	-2.0002	3.00031
4.46006	-11.7267	-2.15812	2.24649	4.54148	-11.6336	4.55	-11.65	-2.0002	3.0003
4.3804	-11.6561	-1.98184	1.85645	4.53697	-11.5591	4.55	-11.55	0	1.99749
4.38555	-11.5241	-1.69524	1.959	4.55238	-11.4548	4.55	-11.45	0	1.99746
4.28328	-11.3302	-1.87944	2.63685	4.47604	-11.2089	4.5	-11.25	-0.90916	3.63662
4.29052	-11.1401	-1.57484	2.7539	4.45629	-11.0538	4.45	-11.05	-0.909152	3.63659
4.25492	-11.0674	-1.23786	2.01414	4.39651	-10.8822	4.45	-10.95	0	1.81807
4.29403	-10.919	-0.945036	2.11774	4.45899	-10.8664	4.45	-10.85	0	1.81808
4.25991	-10.7897	-0.917322	2.20935	4.493	-10.7885	4.45	-10.7	0	2.72865
4.3035	-10.6281	-0.658462	2.31644	4.44058	-10.5544	4.45	-10.55	0	2.72864
4.28563	-10.494	-0.602156	2.32242	4.44399	-10.3941	4.45	-10.4	0	2.72392
4.331	-10.3272	-0.384506	2.42431	4.44086	-10.2469	4.45	-10.25	0	2.72391
4.33579	-10.1996	-0.287463	2.35072	4.53204	-10.1814	4.5	-10.1	0.909624	2.72885
4.41292	-10.0268	-0.0312412	2.46915	4.54793	-9.94716	4.55	-9.95	0.909615	2.72884
4.43935	-9.8923	0.09077	2.37087	4.57622	-9.70975	4.6	-9.8	0.909111	2.72733
4.52621	-9.71954	0.317115	2.48568	4.64364	-9.63888	4.65	-9.65	0.909107	2.72732
4.57772	-9.59425	0.465944	2.34585	4.76627	-9.54952	4.75	-9.5	1.81921	2.7288
4.69094	-9.42587	0.705009	2.46055	4.82761	-9.37054	4.85	-9.35	1.81921	2.7288
4.74677	-9.27709	0.743248	2.5159	4.89701	-9.18082	4.9	-9.2	0.908739	2.72622
4.84993	-9.10342	0.914701	2.6146	4.94177	-9.04086	4.95	-9.05	0.908743	2.72623
4.95325	-9.0062	1.22682	2.2032	5.09012	-9.06486	5.05	-8.95	1.8169	1.81688
5.0646	-8.86505	1.34491	2.26472	5.1385	-8.8446	5.15	-8.85	1.81688	1.81688
5.14989	-8.733	1.38237	2.27721	5.21345	-8.63875	5.25	-8.7	1.8201	2.73014
5.26912	-8.58309	1.50003	2.35029	5.33853	-8.54729	5.35	-8.55	1.82008	2.73013
5.36323	-8.45888	1.5755	2.27362	5.35874	-8.39385	5.4	-8.45	0.910244	1.82049
5.45123	-8.3392	1.57717	2.26356	5.46213	-8.36055	5.45	-8.35	0.910249	1.8205
5.51836	-8.21211	1.45377	2.42781	5.63723	-8.3352	5.55	-8.2	1.99657	2.99484
5.60877	-8.07861	1.50158	2.46273	5.63863	-8.05978	5.65	-8.05	1.99657	2.99485
5.7307	-7.96756	1.78194	2.17469	5.69655	-7.84304	5.75	-7.95	1.81871	1.81872
5.83285	-7.84746	1.79233	2.17822	5.84353	-7.85177	5.85	-7.85	1.81871	1.81871
5.96366	-7.74952	2.02352	1.94779	5.9537	-7.7033	6	-7.75	2.72961	1.81974
6.09381	-7.64058	2.0701	1.96297	6.14453	-7.66253	6.15	-7.65	2.72961	1.81974
6.19947	-7.53831	2.0564	1.99723	6.27	-7.55894	6.25	-7.55	1.9992	1.9992
6.31237	-7.43572	2.08125	2.00937	6.3386	-7.44193	6.35	-7.45	1.99918	1.99918
6.43005	-7.32619	2.09922	1.99774	6.44365	-7.32743	6.45	-7.35	1.81911	1.81911
6.54244	-7.22682	2.08812	1.9726	6.54947	-7.257	6.55	-7.25	1.81909	1.81909
6.65564	-7.13829	2.14163	1.91698	6.71635	-7.22979	6.65	-7.15	1.99996	1.99996
6.7609	-7.04074	2.1381	1.91963	6.7522	-7.03215	6.75	-7.05	1.99996	1.99996
6.88961	-6.96485	2.33217	1.73875	6.81357	-6.96259	6.85	-7	1.99752	0.998765
6.98602	-6.89894	2.2772	1.67783	6.95051	-6.93564	6.95	-6.95	1.99752	0.998765
7.1121	-6.81166	2.32355	1.62428	7.00414	-6.76319	7.1	-6.85	2.73035	1.82023
7.24053	-6.73025	2.32242	1.60662	7.25571	-6.75585	7.25	-6.75	2.73035	1.82023
7.33649	-6.63762	2.18251	1.71004	7.28718	-6.59248	7.35	-6.65	2.0006	2.0006
7.44184	-6.55281	2.17388	1.70616	7.42947	-6.54884	7.45	-6.55	2.00058	2.00058
7.57092	-6.483	2.33071	1.58415	7.58756	-6.53752	7.55	-6.5	1.99841	0.999204
7.67512	-6.41844	2.29752	1.54186	7.65263	-6.44325	7.65	-6.45	1.99838	0.999195
7.83837	-6.37059	2.6913	1.26574	7.78988	-6.37954	7.8	-6.4	2.99952	0.999844
7.966	-6.31828	2.67183	1.23539	7.95705	-6.33998	7.95	-6.35	2.99949	0.999829
8.04826	-6.22364	2.14801	1.55486	8.1289	-6.31809	8.05	-6.25	1.81603	1.81603
8.16259	-6.14073	2.13835	1.54605	8.15184	-6.14215	8.15	-6.15	1.81603	1.81603
8.25261	-6.04101	1.95787	1.65641	8.12981	-5.95044	8.25	-6.05	1.81921	1.81921
8.35711	-5.95205	1.95033	1.64958	8.34844	-5.95288	8.35	-5.95	1.81921	1.81921
8.52688	-5.89131	2.4617	1.34842	8.45627	-5.87026	8.5	-5.9	2.729	0.909673
8.65629	-5.82512	2.44632	1.3257	8.64546	-5.83668	8.65	-5.85	2.72898	0.909661
8.78775	-5.74969	2.45333	1.32225	8.68227	-5.68169	8.8	-5.75	2.72771	1.81848
8.93114	-5.66861	2.47412	1.34753	8.95179	-5.66017	8.95	-5.65	2.72772	1.81848
9.01368	-5.58006	2.15342	1.52383	8.99196	-5.51961	9.05	-5.55	1.99939	1.9994
9.13296	-5.48463	2.18395	1.578	9.15234	-5.45358	9.15	-5.45	1.9994	1.9994
9.25117	-5.39878	2.16916	1.58045	9.25593	-5.41629	9.25	-5.4	1.81776	0.90888
9.36282	-5.32234	2.14994	1.55005	9.3462	-5.33648	9.35	-5.35	1.81776	0.908875
9.41223	-5.21083	1.61548	1.79739	9.35852	-5.15981	9.45	-5.2	1.81545	2.72317
9.51692	-5.09307	1.65341	1.85271	9.55586	-5.07162	9.55	-5.05	1.81542	2.72314
9.62269	-4.98831	1.76894	1.82554	9.60543	-4.91132	9.65	-4.95	1.82145	1.82147
9.73119	-4.86785	1.79794	1.88267	9.75218	-4.8384	9.75	-4.85	1.82146	1.82146
9.84526	-4.77004	1.86737	1.85629	10.0131	-4.84834	9.85	-4.75	1.81961	1.8196
9.95046	-4.6647	1.87343	1.86602	9.9571	-4.66087	9.95	-4.65	1.8196	1.8196
10.045	-4.56809	1.89061	1.86846	9.99977	-4.51909	10.05	-4.55	1.99827	1.99828
10.146	-4.45976	1.90704	1.90977	10.1558	-4.43582	10.15	-4.45	1.99826	1.99826
10.2202	-4.3414	1.67525	2.00247	10.1567	-4.25503	10.25	-4.3	1.81693	2.72538
10.3211	-4.20664	1.6984	2.07024	10.3312	-4.16698	10.35	-4.15	1.81692	2.72536
10.4335	-4.09315	1.86745	2.02766	10.3715	-4.04505	10.45	-4.05	1.81951	1.8195
10.5428	-3.96561	1.88418	2.07268	10.5551	-3.94162	10.55	-3.95	1.8195	1.81951
10.6467	-3.85147	1.886	2.07265	10.6459	-3.84961	10.65	-3.85	1.81817	1.81818
10.749	-3.74077	1.88259	2.0634	10.746	-3.7455	10.75	-3.75	1.81816	1.81817
10.8462	-3.6258	1.8015	2.08668	10.9384	-3.6422	10.85	-3.6	1.81621	2.7243
10.9493	-3.48791	1.81337	2.14912	10.9457	-3.45027	10.95	-3.45	1.8162	2.7243
10.9886	-3.35773	1.28499	2.27997	11.1095	-3.32648	11	-3.3	0.908632	2.72588
11.0605	-3.20555	1.29184	2.35157	11.0435	-3.16012	11.05	-3.15	0.908632	2.72588
11.1035	-3.06494	1.09765	2.4104	10.9851	-2.95299	11.1	-3	0.909905	2.72971
11.166	-2.90391	1.10614	2.48758	11.1542	-2.85724	11.15	-2.85	0.909888	2.72968
11.1488	-2.75731	0.51306	2.59337	11.0233	-2.67356	11.15	-2.7	0	2.72847
11.1714	-2.59484	0.505101	2.6452	11.1324	-2.55807	11.15	-2.55	0	2.72844
11.1732	-2.44579	0.266828	2.68602	11.2541	-2.42353	11.15	-2.4	0	2.72732
11.1836	-2.28676	0.259933	2.71535	11.1569	-2.2658	11.15	-2.25	0	2.72732
11.2924	-2.13251	1.04883	2.64695	11.2203	-2.08998	11.25	-2.1	1.81905	2.72856
11.3513	-1.97075	1.0523	2.69128	11.3482	-1.94557	11.35	-1.95	1.81905	2.72856
11.2894	-1.82684	0.0439123	2.76351	11.3928	-1.80815	11.3	-1.8	-0.90916	2.72747
11.2833	-1.66326	0.0288555	2.79313	11.2389	-1.64141	11.25	-1.65	-0.909152	2.72745
11.283	-1.51016	-0.00336209	2.79397	11.3341	-1.51762	11.25	-1.5	0	2.72321
11.2794	-1.35362	-0.0095751	2.80049	11.2625	-1.34833	11.25	-1.35	0	2.72321
11.2185	-1.20422	-0.534168	2.81352	11.3121	-1.19064	11.2	-1.2	-0.909524	2.72856
11.1831	-1.05232	-0.545238	2.80485	11.1556	-1.0549	11.15	-1.05	-0.909524	2.72856
11.0599	-0.907898	-1.29202	2.79925	10.9982	-0.893223	11.05	-0.9	-1.81945	2.72916
10.9813	-0.746318	-1.30595	2.81922	10.9445	-0.73319	10.95	-0.75	-1.81942	2.72913
10.918	-0.589276	-1.20944	2.82325	10.8362	-0.586	10.9	-0.599999	-0.909839	2.72952
10.8492	-0.436958	-1.21347	2.81516	10.8388	-0.441032	10.85	-0.449999	-0.909822	2.72949
10.6707	-0.32232	-2.1712	2.73468	10.6309	-0.359954	10.7	-0.349999	-2.99538	1.99692
10.5603	-0.209089	-2.17224	2.66914	10.5529	-0.247121	10.55	-0.25	-2.99539	1.99691
10.4706	-0.070753	-1.91017	2.65042	10.4322	-0.19515	10.45	-0.2	-1.81715	0.908579
10.3638	-0.00951293	-1.90531	2.41675	10.3505	-0.143257	10.35	-0.15	-1.81716	0.908579
10.214	0.0896179	-2.283	2.31134	10.2068	-0.109014	10.2	-0.0999996	-2.73194	0.910655
10.0848	0.11547	-2.27935	2.03171	10.0541	-0.0441275	10.05	-0.0499992	-2.73194	0.910655
9.93606	0.198459	-2.4614	1.94437	9.89001	0.00816785	9.9	9.49949e-07	-2.72481	0.908268
9.79608	0.209073	-2.45962	1.67695	9.75876	0.0560308	9.75	0.0500011	-2.72477	0.90826
9.69597	0.280212	-2.15104	1.62913	9.63528	0.0929341	9.65	0.100001	-1.81759	0.908784
9.57909	0.284739	-2.1399	1.39284	9.56967	0.149506	9.55	0.15	-1.81757	0.908775
9.43548	0.329992	-2.40162	1.29359	9.56225	0.148577	9.4	0.15	-2.72659	0
9.29803	0.305231	-2.40217	1.02616	9.25348	0.150166	9.25	0.15	-2.72658	0
9.14801	0.339739	-2.53415	0.959315	9.0821	0.207802	9.1	0.2	-2.72925	0.909752
8.99787	0.336369	-2.54913	0.802146	8.93575	0.243169	8.95	0.25	-2.72926	0.909752
8.84537	0.362108	-2.68821	0.744497	8.94634	0.26481	8.8	0.25	-2.72783	0
8.69019	0.347341	-2.6971	0.588123	8.64483	0.254352	8.65	0.25	-2.7278	0
8.53611	0.36037	-2.72516	0.53212	8.46866	0.251128	8.5	0.25	-2.72395	0
8.38279	0.337577	-2.72715	0.385467	8.35775	0.250149	8.35	0.25	-2.72395	0
8.23359	0.332651	-2.74448	0.310209	8.28111	0.196974	8.2	0.2	-2.73278	-0.910929
8.07587	0.277604	-2.75243	0.106404	8.03004	0.154113	8.05	0.15	-2.73279	-0.910929
7.85297	0.260921	-3.42766	0.0260475	7.74678	0.154598	7.85	0.15	-3.9992	0
7.67504	0.220373	-3.43687	-0.093095	7.63715	0.143302	7.65	0.15	-3.99916	0
7.5946	0.205108	-2.68558	-0.109098	7.61982	0.157052	7.55	0.15	-1.99868	0
7.45698	0.186314	-2.69076	-0.147327	7.43926	0.160393	7.45	0.15	-1.99866	0
7.30493	0.164333	-2.73947	-0.18839	7.34481	0.102019	7.3	0.100001	-2.72622	-0.908734
7.15709	0.116439	-2.7334	-0.296496	7.16771	0.0463372	7.15	0.0500011	-2.72623	-0.908734
7.05763	0.0692165	-2.31013	-0.383672	7.05721	-0.05037	7.05	-0.0499995	-1.81887	-1.81889
6.93465	-0.0189705	-2.30253	-0.578057	6.95035	-0.144849	6.95	-0.15	-1.81888	-1.81889
6.84374	-0.0931564	-2.01653	-0.705356	6.87212	-0.243254	6.85	-0.25	-1.81792	-1.81792
6.73799	-0.206555	-2.00977	-0.922663	6.76317	-0.34818	6.75	-0.35	-1.81792	-1.81792
6.64254	-0.299278	-1.9208	-1.049	6.75759	-0.453523	6.65	-0.45	-1.81881	-1.8188
6.54053	-0.424078	-1.92056	-1.24536	6.56412	-0.553924	6.55	-0.549999	-1.81879	-1.81878
6.46792	-0.556077	-1.68199	-1.44818	6.60439	-0.765755	6.45	-0.749999	-1.81971	-3.63941
6.36952	-0.739177	-1.70972	-1.75251	6.36344	-0.942514	6.35	-0.949999	-1.81969	-3.63937
6.39381	-0.928447	-0.755363	-2.16163	6.35624	-1.10001	6.35	-1.1	0	-2.99522
6.35294	-1.10511	-0.778902	-2.3628	6.36321	-1.25111	6.35	-1.25	0	-2.99519
6.34222	-1.29013	-0.470289	-2.58012	6.30992	-1.40686	6.35	-1.4	0	-2.72817
6.31953	-1.47105	-0.4781	-2.69342	6.35537	-1.55723	6.35	-1.55	0	-2.72817
6.32657	-1.65149	-0.238129	-2.83516	6.50996	-1.74616	6.35	-1.7	0	-2.72628
6.31987	-1.81519	-0.229131	-2.85606	6.35448	-1.83673	6.35	-1.85	0	-2.72628
6.31016	-1.97813	-0.225511	-2.87321	6.38849	-2.02257	6.35	-2	0	-2.73154
6.30785	-2.13386	-0.204881	-2.86501	6.35078	-2.13767	6.35	-2.15	0	-2.73152
6.30178	-2.28102	-0.163325	-2.88822	6.28921	-2.27735	6.35	-2.3	0	-2.99503
6.30063	-2.42717	-0.150624	-2.89046	6.33355	-2.43768	6.35	-2.45	0	-2.99503
6.34193	-2.61714	0.291812	-3.12335	6.30986	-2.56694	6.4	-2.6	0.909996	-2.73
6.37978	-2.77192	0.344434	-3.07052	6.45623	-2.7536	6.45	-2.75	0.91	-2.73
6.42127	-2.9435	0.527987	-3.13823	6.40481	-2.87127	6.5	-2.9	0.907593	-2.72277
6.47687	-3.08002	0.602222	-3.03092	6.54629	-3.01951	6.55	-3.05	0.907584	-2.72274
6.50411	-3.23565	0.472625	-2.93769	6.70928	-3.32749	6.55	-3.25	0	-3.63617
6.52964	-3.41384	0.462328	-2.98252	6.54763	-3.45513	6.55	-3.45	0	-3.63613
6.57088	-3.59122	0.619346	-3.08845	6.52015	-3.55608	6.6	-3.6	0.909673	-2.72901
6.61581	-3.75036	0.648106	-3.05655	6.64571	-3.73674	6.65	-3.75	0.909661	-2.72898
6.66675	-3.90977	0.731819	-3.05632	6.71319	-3.83967	6.75	-3.85	1.81795	-1.81795
6.75153	-4.02272	0.857496	-2.89633	6.85201	-3.93663	6.85	-3.95	1.81793	-1.81793
6.8403	-4.19558	1.0879	-3.01134	7.13409	-4.28567	6.9	-4.15	0.909979	-3.63994
6.91556	-4.34642	1.12898	-2.96772	6.9548	-4.32855	6.95	-4.35	0.909975	-3.6399
6.94836	-4.47049	0.829383	-2.70454	7.00947	-4.44692	7	-4.45	0.907889	-1.81577
7.01477	-4.59296	0.888431	-2.62896	7.05586	-4.55105	7.05	-4.55	0.907881	-1.81576
7.08497	-4.74707	1.03444	-2.71751	7.15974	-4.75194	7.1	-4.7	0.909789	-2.72935
7.14593	-4.87604	1.05457	-2.66453	7.13261	-4.82718	7.15	-4.85	0.909777	-2.72933
7.24691	-5.05126	1.40085	-2.91178	7.2829	-5.01975	7.25	-5	1.81861	-2.72792
7.33471	-5.18969	1.43592	-2.85328	7.34301	-5.14642	7.35	-5.15	1.81859	-2.72789
7.38694	-5.31378	1.28515	-2.72762	7.32687	-5.26205	7.4	-5.3	0.999994	-3
7.45377	-5.44907	1.29124	-2.72378	7.46174	-5.44979	7.45	-5.45	0.999999	-3
7.51684	-5.58204	1.22179	-2.63851	7.47116	-5.48352	7.55	-5.55	1.81749	-1.81749
7.60985	-5.6982	1.29336	-2.5564	7.65989	-5.6552	7.65	-5.65	1.81747	-1.81747
7.67489	-5.82522	1.19151	-2.45135	7.78563	-5.85993	7.7	-5.8	0.909598	-2.72881
7.74369	-5.9582	1.19964	-2.44564	7.75276	-5.95823	7.75	-5.95	0.909594	-2.72878
7.81343	-6.08729	1.22513	-2.44227	7.79663	-6.00945	7.85	-6.05	1.81964	-1.81964
7.90543	-6.19422	1.29334	-2.36569	7.95034	-6.15505	7.95	-6.15	1.81962	-1.81962
8.02051	-6.35014	1.70268	-2.69064	8.04642	-6.30578	8.05	-6.3	1.99731	-2.99599
8.12041	-6.46923	1.7428	-2.64659	8.14855	-6.44643	8.15	-6.45	1.99732	-2.99598
8.17193	-6.56855	1.32321	-2.27156	8.26534	-6.60186	8.2	-6.55	0.909111	-1.81822
8.25133	-6.67959	1.34479	-2.23548	8.25279	-6.64996	8.25	-6.65	0.909111	-1.81822
8.32422	-6.8047	1.37703	-2.27077	8.2109	-6.73286	8.3	-6.8	0.90845	-2.72534
8.38619	-6.93983	1.34153	-2.30099	8.35448	-6.94719	8.35	-6.95	0.908442	-2.72531
8.49635	-7.10278	1.6164	-2.55186	8.61718	-7.22425	8.45	-7.1	1.81925	-2.72886
8.57439	-7.24872	1.58967	-2.57006	8.54666	-7.24803	8.55	-7.25	1.81924	-2.72886
8.65536	-7.37912	1.5161	-2.49108	8.69659	-7.3744	8.65	-7.35	1.82079	-1.8208
8.74996	-7.48995	1.55396	-2.42518	8.74711	-7.43338	8.75	-7.45	1.8208	-1.8208
8.82844	-7.61358	1.60677	-2.47597	8.68846	-7.50096	8.8	-7.6	0.997629	-2.99288
8.89161	-7.74866	1.56308	-2.50969	8.84984	-7.75349	8.85	-7.75	0.997629	-2.99288
8.94023	-7.85885	1.30576	-2.29386	8.77486	-7.80083	8.9	-7.9	0.909127	-2.72742
8.98466	-8.01797	1.22881	-2.38268	8.94604	-8.07116	8.95	-8.05	0.909127	-2.7274
9.02285	-8.12631	1.01544	-2.19794	8.92041	-8.11276	9	-8.15	0.909524	-1.81903
9.06354	-8.25023	0.980012	-2.21184	9.01893	-8.23506	9.05	-8.25	0.909516	-1.81902
9.12311	-8.38359	1.06052	-2.30547	9.04724	-8.3711	9.1	-8.4	0.909922	-2.72975
9.17359	-8.51919	1.03875	-2.32934	9.1628	-8.53304	9.15	-8.55	0.909913	-2.72976
9.25579	-8.67826	1.31305	-2.61177	9.09379	-8.55764	9.25	-8.7	1.8169	-2.72535
9.33078	-8.82914	1.31581	-2.62679	9.3508	-8.85468	9.35	-8.85	1.81688	-2.72532
9.39444	-8.96355	1.23726	-2.54591	9.40597	-8.96981	9.4	-9	0.910219	-2.73069
9.45305	-9.12184	1.20737	-2.59183	9.45338	-9.162	9.45	-9.15	0.910228	-2.73069
9.51124	-9.25699	1.19108	-2.5966	9.51544	-9.36256	9.5	-9.3	0.997908	-2.99371
9.56341	-9.40568	1.16487	-2.64155	9.56994	-9.45148	9.55	-9.45	0.997908	-2.99372
9.59306	-9.51433	0.85515	-2.32175	9.62712	-9.59131	9.6	-9.55	0.909971	-1.81993
9.63861	-9.64915	0.848416	-2.33863	9.64603	-9.66938	9.65	-9.65	0.909954	-1.81992
9.67194	-9.76729	0.748637	-2.24476	9.63311	-9.79216	9.65	-9.8	0	-2.73054
9.68617	-9.91785	0.674527	-2.31748	9.64842	-9.95866	9.65	-9.95	0	-2.73053
9.74049	-10.0636	0.898593	-2.57691	9.61381	-9.98703	9.7	-10.1	0.998187	-2.99456
9.7694	-10.2121	0.852448	-2.62711	9.7516	-10.2483	9.75	-10.25	0.998187	-2.99455
9.81639	-10.3602	0.871007	-2.657	9.7698	-10.3568	9.8	-10.4	0.909806	-2.7294
9.86026	-10.5154	0.857523	-2.67896	9.8633	-10.5382	9.85	-10.55	0.909797	-2.72938
9.88194	-10.6361	0.642142	-2.44514	9.8617	-10.6917	9.85	-10.7	0	-2.72718
9.88609	-10.8027	0.555353	-2.52928	9.84674	-10.8547	9.85	-10.85	0	-2.72715
9.89735	-10.9256	0.435644	-2.40847	9.75887	-10.887	9.85	-11	0	-2.72395
9.89363	-11.0894	0.357115	-2.48856	9.86442	-11.1448	9.85	-11.15	0	-2.72395
9.91104	-11.2317	0.352524	-2.50562	9.87245	-11.316	9.85	-11.3	0	-2.73074
9.89638	-11.4004	0.259062	-2.5876	9.85036	-11.4464	9.85	-11.45	0	-2.73075
9.90865	-11.5463	0.233584	-2.57301	9.93142	-11.6783	9.85	-11.6	0	-2.72396
9.8878	-11.7113	0.144053	-2.63746	9.83174	-11.7336	9.85	-11.75	0	-2.72396
9.87999	-11.8294	0.0356097	-2.51639	9.80843	-11.8702	9.8	-11.9	-1.0005	-3.00149
9.83109	-11.9953	-0.101961	-2.62377	9.75331	-12.0506	9.75	-12.05	-1.0005	-3.0015
9.76174	-12.0565	-0.642865	-1.92544	9.64519	-12.1714	9.65	-12.15	-1.81799	-1.81797
9.66382	-12.2011	-0.808279	-2.0336	9.55524	-12.2329	9.55	-12.25	-1.81797	-1.81797
9.61728	-12.3289	-0.774279	-2.13103	9.47014	-12.4324	9.45	-12.4	-1.82042	-2.73064
9.4861	-12.5029	-1.01093	-2.28684	9.34172	-12.5587	9.35	-12.55	-1.82041	-2.73063
9.39818	-12.5717	-1.29731	-1.90352	9.21558	-12.6577	9.25	-12.65	-1.99893	-1.99891
9.26987	-12.707	-1.46745	-2.01246	9.16462	-12.7506	9.15	-12.75	-1.99891	-1.9989
9.17442	-12.7997	-1.57755	-1.86109	9.08802	-12.8351	9.05	-12.85	-1.81839	-1.81839
9.0407	-12.9267	-1.70207	-1.93009	8.95936	-12.9426	8.95	-12.95	-1.81838	-1.81838
8.9006	-12.9521	-2.13995	-1.23318	8.8569	-13.1416	8.8	-13	-2.72942	-0.909806
8.73666	-13.0404	-2.26182	-1.29228	8.65422	-13.0444	8.65	-13.05	-2.72941	-0.909806
8.61814	-13.1077	-2.26571	-1.31717	8.49168	-13.0983	8.5	-13.15	-2.99987	-1.99991
8.44405	-13.2061	-2.42891	-1.4057	8.3436	-13.2381	8.35	-13.25	-2.99984	-1.9999
8.28117	-13.1802	-2.81325	-0.678441	8.19421	-13.0768	8.25	-13.2	-1.99797	0.998985
8.15255	-13.1973	-2.77554	-0.640547	8.15674	-13.1486	8.15	-13.15	-1.99797	0.998985
8.00526	-13.2427	-2.72092	-0.739317	7.9999	-13.1879	8	-13.2	-2.73	-0.910004
7.85794	-13.2767	-2.71261	-0.725071	7.85314	-13.2533	7.85	-13.25	-2.73	-0.910004
7.67783	-13.246	-2.98072	-0.192503	7.57824	-13.1345	7.65	-13.25	-3.62957	0
7.4939	-13.2596	-3.03105	-0.204723	7.45422	-13.2433	7.45	-13.25	-3.62953	0
7.3266	-13.268	-3.04143	-0.18096	7.33241	-13.2718	7.3	-13.25	-2.7301	0
7.1535	-13.2714	-3.05377	-0.169704	7.13166	-13.2372	7.15	-13.25	-2.73007	0
6.98111	-13.2622	-3.09797	-0.0528797	6.97467	-13.1643	7	-13.25	-2.72703	0
6.82691	-13.2559	-3.05335	-0.0297707	6.84852	-13.2404	6.85	-13.25	-2.727	0
6.6491	-13.2173	-3.18507	0.303607	6.7113	-13.2598	6.7	-13.2	-2.72742	0.909144
6.50833	-13.1835	-3.09107	0.347184	6.55626	-13.1584	6.55	-13.15	-2.72742	0.909144
6.32842	-13.1198	-3.19564	0.64388	6.32545	-12.9303	6.4	-13.1	-2.72703	0.908994
6.19275	-13.0673	-3.08686	0.688579	6.25112	-13.0473	6.25	-13.05	-2.727	0.908995
6.02763	-13.027	-3.07611	0.698933	6.09711	-13.0021	6.1	-13	-2.73	0.910004
5.89727	-12.9743	-2.9718	0.737645	5.95513	-12.9613	5.95	-12.95	-2.72998	0.909996
5.75309	-12.9348	-2.98837	0.814409	5.89343	-13.1185	5.8	-12.9	-2.99275	0.99759
5.63024	-12.8767	-2.91243	0.854844	5.6635	-12.8347	5.65	-12.85	-2.99275	0.99758
5.47263	-12.8055	-2.96246	1.06383	5.61778	-12.8527	5.55	-12.75	-1.81993	1.81994
5.37305	-12.7098	-2.78547	1.15241	5.45219	-12.6228	5.45	-12.65	-1.81994	1.81994
5.2217	-12.6152	-2.82009	1.34317	5.30917	-12.4284	5.35	-12.55	-1.81722	1.81723
5.14371	-12.5067	-2.60786	1.42983	5.25069	-12.4448	5.25	-12.45	-1.81721	1.81721
5.00105	-12.3992	-2.66883	1.67508	5.13338	-12.4375	5.1	-12.35	-2.72881	1.8192
4.89325	-12.2927	-2.56288	1.71283	4.9499	-12.2734	4.95	-12.25	-2.72881	1.81921
4.77198	-12.2205	-2.4574	1.51281	4.92993	-12.1787	4.9	-12.15	-0.908467	1.81693
4.72198	-12.101	-2.22305	1.60416	4.84027	-12.0359	4.85	-12.05	-0.908462	1.81692
4.59675	-11.9489	-2.35766	2.12833	4.79909	-11.9738	4.75	-11.9	-1.81788	2.72684
4.53783	-11.804	-2.16369	2.20002	4.63814	-11.758	4.65	-11.75	-1.81788	2.72683
4.44196	-11.7135	-2.00521	1.85522	4.50688	-11.4491	4.6	-11.65	-0.909963	1.81994
4.41621	-11.5819	-1.7748	1.93436	4.5399	-11.541	4.55	-11.55	-0.909959	1.81992
4.31131	-11.3976	-1.93051	2.52496	4.46798	-11.2692	4.5	-11.35	-0.909227	3.63689
4.30765	-11.2196	-1.64946	2.62805	4.45518	-11.1556	4.45	-11.15	-0.909218	3.63686
4.25962	-11.1421	-1.40116	2.09101	4.47788	-11.2387	4.4	-11.05	-0.909227	1.81845
4.2576	-10.9985	-1.19548	2.16746	4.36691	-10.9529	4.35	-10.95	-0.909222	1.81844
4.21842	-10.8919	-1.06238	1.97646	4.34978	-10.6819	4.4	-10.8	0.9094	2.72823
4.26874	-10.7379	-0.763012	2.09641	4.42489	-10.6572	4.45	-10.65	0.909396	2.72819
4.23721	-10.5934	-0.81888	2.39388	4.45256	-10.5332	4.45	-10.5	0	3.00113
4.2956	-10.431	-0.544898	2.50835	4.44692	-10.3512	4.45	-10.35	0	3.00113
4.29365	-10.3012	-0.433202	2.42256	4.41237	-9.99477	4.5	-10.2	0.999524	2.99855
4.3814	-10.1324	-0.131635	2.55315	4.5556	-10.0446	4.55	-10.05	0.999524	2.99856
4.39889	-9.99925	-0.0457312	2.52637	4.57379	-9.85032	4.6	-9.9	0.998267	2.9948
4.49553	-9.8288	0.226186	2.64985	4.65841	-9.75093	4.65	-9.75	0.998262	2.99479
4.56039	-9.72934	0.560001	2.1343	4.60255	-9.4741	4.7	-9.65	0.910924	1.82187
4.65001	-9.58466	0.721399	2.21293	4.74425	-9.53907	4.75	-9.55	0.910928	1.82186
4.69095	-9.44059	0.67872	2.36407	4.78405	-9.35872	4.8	-9.4	0.908038	2.72411
4.78382	-9.28582	0.829504	2.43755	4.87523	-9.25457	4.85	-9.25	0.908033	2.7241
4.84851	-9.14984	0.913307	2.38825	4.92663	-9.02336	4.95	-9.1	1.81851	2.72776
4.95398	-8.99317	1.06287	2.4651	5.04624	-8.96378	5.05	-8.95	1.81852	2.72777
5.03102	-8.85272	1.14111	2.43449	5.1055	-8.72095	5.15	-8.8	1.8165	2.72476
5.15756	-8.68589	1.3137	2.53293	5.26299	-8.64398	5.25	-8.65	1.8165	2.72475
5.27919	-8.58432	1.62552	2.16493	5.34134	-8.5519	5.35	-8.55	1.82159	1.8216
5.39189	-8.45309	1.68863	2.20288	5.43218	-8.43885	5.45	-8.45	1.82157	1.82157
5.47718	-8.32438	1.62368	2.28525	5.5122	-8.36624	5.5	-8.35	0.908054	1.81609
5.5549	-8.21002	1.59056	2.25473	5.54143	-8.23537	5.55	-8.25	0.908054	1.8161
5.69843	-8.14171	1.99297	1.77347	5.72065	-8.20245	5.7	-8.15	2.72851	1.81902
5.82311	-8.03664	2.03285	1.79806	5.85207	-8.0316	5.85	-8.05	2.72849	1.81899
5.89884	-7.9032	1.73903	2.13432	5.99121	-7.96746	5.95	-7.9	1.81851	2.72777
6.01492	-7.77134	1.7941	2.17731	6.04955	-7.75139	6.05	-7.75	1.81852	2.72777
6.13433	-7.66771	1.92228	2.05217	6.20599	-7.74241	6.15	-7.65	1.81739	1.81739
6.24139	-7.55631	1.92478	2.04962	6.2473	-7.56333	6.25	-7.55	1.81739	1.81739
6.35379	-7.44827	1.96039	2.01776	6.39144	-7.48582	6.35	-7.45	1.8164	1.81641
6.45428	-7.34568	1.93954	1.9945	6.44526	-7.36223	6.45	-7.35	1.81638	1.81638
6.59471	-7.25827	2.16637	1.79878	6.66209	-7.31025	6.6	-7.25	2.72856	1.81904
6.72558	-7.15095	2.19717	1.82483	6.74856	-7.14204	6.75	-7.15	2.72856	1.81904
6.83441	-7.04429	2.11116	1.89292	6.83447	-7.05268	6.85	-7.05	1.82066	1.82066
6.95566	-6.94353	2.12215	1.88888	6.97717	-6.96144	6.95	-6.95	1.82065	1.82065
7.0973	-6.86831	2.3717	1.7019	7.13677	-6.88363	7.1	-6.85	2.99976	1.99984
7.23	-6.76892	2.40931	1.74354	7.2552	-6.74652	7.25	-6.75	2.99976	1.99984
7.28921	-6.64777	1.96546	2.0631	7.234	-6.59525	7.3	-6.65	0.999384	1.99876
7.37466	-6.54831	1.93542	2.04606	7.33491	-6.53948	7.35	-6.55	0.999369	1.99874
7.58572	-6.50397	2.72815	1.46172	7.67988	-6.69347	7.5	-6.55	2.72747	0
7.69895	-6.47242	2.62793	1.3241	7.64389	-6.55777	7.65	-6.55	2.72745	0
7.79656	-6.38801	2.23677	1.55433	7.94309	-6.60222	7.75	-6.45	1.81623	1.81624
7.89723	-6.32149	2.18005	1.49562	7.84566	-6.34021	7.85	-6.35	1.81623	1.81624
8.04937	-6.26342	2.48166	1.27345	7.9171	-6.24084	8	-6.3	2.72648	0.908821
8.17214	-6.20918	2.44579	1.22747	8.14601	-6.23101	8.15	-6.25	2.72645	0.908817
8.23456	-6.10577	1.84229	1.60594	8.37368	-6.18614	8.25	-6.1	1.81898	2.72847
8.34654	-5.9966	1.87295	1.66262	8.35502	-5.95811	8.35	-5.95	1.81897	2.72844
8.52288	-5.93595	2.46488	1.32417	8.43843	-5.87193	8.5	-5.9	2.72647	0.90883
8.65425	-5.86557	2.45493	1.31577	8.64201	-5.86567	8.65	-5.85	2.72645	0.908817
8.74908	-5.77357	2.13301	1.49886	8.76652	-5.75601	8.75	-5.75	1.81789	1.81788
8.86685	-5.67935	2.138	1.52816	8.85198	-5.65134	8.85	-5.65	1.81789	1.81788
9.00984	-5.59732	2.35891	1.43534	8.91028	-5.47662	9	-5.55	2.73109	1.82073
9.14391	-5.4992	2.3748	1.48578	9.13482	-5.45989	9.15	-5.45	2.73106	1.82072
9.24754	-5.40318	2.1329	1.61618	9.32693	-5.39468	9.25	-5.35	1.81796	1.81795
9.36202	-5.29895	2.13201	1.65326	9.33045	-5.26019	9.35	-5.25	1.81794	1.81793
9.50172	-5.20897	2.31807	1.58772	9.4498	-5.12838	9.5	-5.15	2.72905	1.81937
9.63807	-5.09366	2.34493	1.66327	9.63754	-5.04328	9.65	-5.05	2.72903	1.81935
9.68627	-4.987	1.75223	1.91722	9.83281	-5.00671	9.7	-4.95	0.998666	1.99733
9.77224	-4.87824	1.75285	1.94889	9.74856	-4.84745	9.75	-4.85	0.998656	1.99731
9.8807	-4.77484	1.82428	1.92203	9.96003	-4.81123	9.85	-4.75	1.8172	1.81719
9.97153	-4.67129	1.80469	1.91184	9.93394	-4.66432	9.95	-4.65	1.81717	1.81717
10.0781	-4.5679	1.8455	1.89932	10.1357	-4.58625	10.05	-4.55	1.82042	1.82043
10.1738	-4.4588	1.83561	1.90917	10.1444	-4.44253	10.15	-4.45	1.82041	1.82042
10.3264	-4.36437	2.24941	1.77521	10.3185	-4.35401	10.3	-4.35	2.72672	1.81782
10.4514	-4.26001	2.25361	1.79322	10.4496	-4.24828	10.45	-4.25	2.7267	1.8178
10.4725	-4.13614	1.39211	2.06921	10.5826	-4.11494	10.5	-4.1	0.908764	2.72628
10.5553	-3.99569	1.41026	2.14147	10.5542	-3.95161	10.55	-3.95	0.908764	2.72628
10.6426	-3.87243	1.47693	2.14407	10.6618	-3.80699	10.65	-3.8	1.8194	2.72911
10.738	-3.71441	1.51272	2.25544	10.7602	-3.65417	10.75	-3.65	1.81939	2.72908
10.8524	-3.59178	1.75861	2.20468	10.8593	-3.57039	10.85	-3.55	1.81839	1.81838
10.947	-3.47029	1.75463	2.20458	10.9375	-3.46792	10.95	-3.45	1.81838	1.81838
10.9824	-3.33829	1.24868	2.32423	11.0183	-3.30073	11	-3.3	0.908549	2.72563
11.058	-3.18476	1.26602	2.39489	11.0672	-3.14607	11.05	-3.15	0.908549	2.72564
11.1045	-3.04785	1.07684	2.439	11.1054	-3.01303	11.1	-3	0.90888	2.72663
11.1633	-2.88942	1.07955	2.50379	11.1428	-2.8481	11.15	-2.85	0.908863	2.72661
11.2092	-2.747	0.979322	2.53018	11.1758	-2.69942	11.2	-2.7	0.909988	2.72995
11.2637	-2.58248	0.983808	2.59897	11.2495	-2.5409	11.25	-2.55	0.909988	2.72995
11.2091	-2.43858	0.0241719	2.72048	11.4549	-2.46508	11.2	-2.4	-0.907692	2.72306
11.2051	-2.27152	0.0159863	2.76544	11.1705	-2.24061	11.15	-2.25	-0.907683	2.72304
11.3256	-2.11564	1.01973	2.67281	11.2202	-2.08176	11.25	-2.1	1.8219	2.73284
11.3764	-1.97079	1.01007	2.66647	11.3536	-1.97104	11.35	-1.95	1.82188	2.73281
11.3598	-1.82292	0.463703	2.71041	11.224	-1.77367	11.35	-1.8	0	2.71996
11.3828	-1.6623	0.459546	2.74012	11.3661	-1.64386	11.35	-1.65	0	2.71993
11.3748	-1.51139	0.221897	2.75522	11.2691	-1.47976	11.35	-1.5	0	2.73448
11.3788	-1.35543	0.207057	2.7667	11.3391	-1.34511	11.35	-1.35	0	2.73446
11.2601	-1.22646	-0.845986	2.7889	11.2507	-1.19626	11.25	-1.2	-1.99969	2.99952
11.2074	-1.07131	-0.864086	2.82988	11.1532	-1.04324	11.15	-1.05	-1.99967	2.99949
11.1395	-0.928715	-1.01549	2.83562	10.9697	-0.89157	11.1	-0.9	-1.00006	3.00024
11.0854	-0.770473	-1.02158	2.88025	11.0654	-0.742685	11.05	-0.75	-1.00006	3.00021
10.9777	-0.623681	-1.42417	2.85184	10.8913	-0.655608	10.95	-0.649999	-1.81771	1.81773
10.8889	-0.499089	-1.44166	2.76168	10.8418	-0.549005	10.85	-0.549999	-1.81772	1.81773
10.795	-0.359325	-1.57269	2.72791	10.827	-0.442912	10.75	-0.45	-1.81842	1.8184
10.7006	-0.265775	-1.58338	2.57168	10.6642	-0.353413	10.65	-0.35	-1.8184	1.81839
10.5219	-0.164061	-2.41716	2.4851	10.5503	-0.248633	10.5	-0.25	-3.00035	2.00024
10.3926	-0.0898504	-2.42799	2.34618	10.3487	-0.171899	10.35	-0.15	-3.00032	2.00022
10.2899	0.0153521	-2.2624	2.31632	10.2559	-0.115293	10.25	-0.0999996	-2.00053	1.00027
10.1713	0.0653424	-2.26588	2.13375	10.137	-0.0462889	10.15	-0.0499992	-2.00053	1.00027
10.073	0.157452	-2.14087	2.09694	10.0717	0.0165033	10.05	9.49949e-07	-2.00009	1.00004
9.9616	0.18674	-2.14075	1.88702	9.92833	0.0556031	9.95	0.0500011	-2.00006	1.00003
9.80833	0.245579	-2.54658	1.77149	9.8478	0.0279858	9.8	0.0500011	-3.00025	0
9.67931	0.226555	-2.53814	1.47228	9.65029	0.0372757	9.65	0.0500011	-3.00024	0
9.52606	0.27378	-2.77008	1.38927	9.54682	0.0997641	9.5	0.100001	-2.99825	0.999409
9.3814	0.270099	-2.7738	1.18496	9.33515	0.138463	9.35	0.15	-2.99825	0.999409
9.29073	0.31487	-2.30839	1.14465	9.46113	0.134275	9.25	0.15	-1.81915	0
9.16225	0.298266	-2.30455	0.922525	9.13787	0.161547	9.15	0.15	-1.81913	0
9.00158	0.321305	-2.6968	0.842975	9.02723	0.196492	9	0.2	-2.99927	0.99976
8.86055	0.323234	-2.70465	0.72994	8.82128	0.250523	8.85	0.25	-2.99927	0.99976
8.70397	0.342939	-2.87682	0.6759	8.67607	0.247512	8.7	0.25	-2.99873	0
8.55979	0.330839	-2.87369	0.54671	8.54916	0.247046	8.55	0.25	-2.99871	0
8.41928	0.346169	-2.73672	0.509553	8.44086	0.253341	8.4	0.25	-2.72872	0
8.26368	0.332817	-2.74335	0.392739	8.2302	0.258614	8.25	0.25	-2.72871	0
8.11206	0.328791	-2.8671	0.32077	8.1066	0.204722	8.1	0.2	-2.99909	-0.9997
7.96752	0.268813	-2.86385	0.105122	7.94777	0.127954	7.95	0.15	-2.9991	-0.9997
7.81352	0.253913	-2.96094	0.0447245	7.82213	0.149733	7.8	0.15	-3.00101	0
7.66125	0.220485	-2.96673	-0.0570216	7.63383	0.15164	7.65	0.15	-3.00099	0
7.5219	0.197257	-2.76198	-0.110873	7.49691	0.101076	7.5	0.100001	-2.72698	-0.908982
7.36761	0.147416	-2.76497	-0.236237	7.35046	0.0656199	7.35	0.0500011	-2.72695	-0.908974
7.26923	0.108876	-2.39328	-0.309626	7.13188	-0.00451978	7.25	9.49949e-07	-2.00032	-1.00016
7.15031	0.0428779	-2.39137	-0.455401	7.14965	-0.0559868	7.15	-0.0499992	-2.0003	-1.00015
6.97941	-0.0133021	-2.65872	-0.545548	6.77233	-0.150907	7	-0.15	-2.72534	-1.8169
6.83771	-0.106601	-2.65135	-0.729011	6.85872	-0.227918	6.85	-0.25	-2.72532	-1.81688
6.80436	-0.198136	-1.79432	-0.910114	6.70421	-0.347264	6.8	-0.349999	-1.00053	-2.00107
6.71954	-0.308501	-1.78985	-1.09946	6.74687	-0.441006	6.75	-0.449999	-1.00054	-2.00107
6.62432	-0.397668	-1.86469	-1.19609	6.72084	-0.550555	6.65	-0.549999	-2.00016	-2.00017
6.53261	-0.510893	-1.86868	-1.35271	6.54837	-0.624094	6.55	-0.65	-2.00016	-2.00017
6.49773	-0.63897	-1.33422	-1.57467	6.40088	-0.78131	6.5	-0.799999	-0.999884	-2.99963
6.43054	-0.793778	-1.34936	-1.79825	6.44859	-0.960126	6.45	-0.949999	-0.999884	-2.99963
6.39641	-0.938472	-1.04198	-1.99857	6.37766	-1.0844	6.4	-1.1	-0.999984	-2.99995
6.34193	-1.10163	-1.06321	-2.18427	6.35596	-1.24356	6.35	-1.25	-0.999969	-2.99992
6.35591	-1.27656	-0.524278	-2.4634	6.5527	-1.43518	6.35	-1.4	0	-3.00132
6.32959	-1.44525	-0.540417	-2.59623	6.35503	-1.55184	6.35	-1.55	0	-3.00129
6.31157	-1.60522	-0.434806	-2.66926	6.33086	-1.6454	6.35	-1.65	0	-1.81769
6.29771	-1.74872	-0.413903	-2.6577	6.34356	-1.7483	6.35	-1.75	0	-1.81769
6.32339	-1.92161	-0.00383044	-2.87382	6.34522	-1.96081	6.35	-1.95	0	-3.99976
6.32379	-2.0819	-0.0105405	-2.921	6.34095	-2.12276	6.35	-2.15	0	-3.99972
6.30908	-2.22135	-0.130741	-2.86889	6.3068	-2.23646	6.35	-2.25	0	-2
6.3115	-2.35887	-0.110325	-2.84984	6.34785	-2.35274	6.35	-2.35	0	-1.99998
6.31251	-2.50362	-0.0402921	-2.87936	6.26272	-2.46894	6.35	-2.5	0	-3
6.32049	-2.64361	-0.0185187	-2.86542	6.36265	-2.64414	6.35	-2.65	0	-3
6.36861	-2.81575	0.402899	-3.09065	6.38105	-2.77438	6.4	-2.8	1.00003	-3.00012
6.40384	-2.96015	0.438677	-3.05818	6.461	-2.95066	6.45	-2.95	1.00003	-3.00009
6.46793	-3.14666	0.80274	-3.28914	6.50958	-3.15806	6.5	-3.15	0.999284	-3.99712
6.51369	-3.32274	0.807348	-3.3184	6.55345	-3.36165	6.55	-3.35	0.999284	-3.99712
6.53752	-3.4711	0.562205	-3.10876	6.64067	-3.46888	6.6	-3.45	0.909922	-1.81983
6.58887	-3.6111	0.622597	-3.01977	6.63536	-3.55462	6.65	-3.55	0.909917	-1.81984
6.65128	-3.76763	0.849482	-3.12034	6.70376	-3.69784	6.7	-3.7	0.999335	-2.99802
6.71195	-3.89673	0.903278	-3.04282	6.75151	-3.84595	6.75	-3.85	0.99934	-2.99802
6.75213	-4.04325	0.829188	-2.9501	6.65288	-3.91672	6.8	-4	0.908549	-2.72564
6.81525	-4.1855	0.877742	-2.89145	6.85764	-4.15466	6.85	-4.15	0.908537	-2.72561
6.84205	-4.30897	0.627421	-2.6607	6.9447	-4.2991	6.9	-4.25	0.90988	-1.81977
6.90288	-4.41485	0.706315	-2.5472	6.94846	-4.34203	6.95	-4.35	0.909876	-1.81975
6.97151	-4.55467	0.929079	-2.67252	7.09552	-4.55441	7	-4.5	1.00008	-3.00024
7.0255	-4.67444	0.953	-2.63436	7.03506	-4.6461	7.05	-4.65	1.00008	-3.00024
7.12599	-4.84464	1.36024	-2.93116	7.25009	-4.88515	7.15	-4.8	1.99984	-2.99976
7.21481	-4.96808	1.41757	-2.86426	7.26242	-4.9318	7.25	-4.95	1.99984	-2.99976
7.25249	-5.07367	1.0884	-2.58261	7.33292	-5.08676	7.3	-5.05	1.00028	-2.00057
7.3215	-5.18513	1.1295	-2.53244	7.3521	-5.15533	7.35	-5.15	1.00028	-2.00056
7.3824	-5.30979	1.15227	-2.5345	7.40318	-5.28627	7.4	-5.3	1.00003	-3.00012
7.43962	-5.43838	1.15037	-2.53927	7.44098	-5.44336	7.45	-5.45	1.00004	-3.00012
7.50969	-5.57245	1.26672	-2.62193	7.46878	-5.50726	7.55	-5.55	1.99961	-1.99961
7.59989	-5.67893	1.33811	-2.54977	7.66561	-5.647	7.65	-5.65	1.9996	-1.9996
7.66137	-5.79897	1.27198	-2.48884	7.70927	-5.8194	7.7	-5.8	1.00027	-3.00084
7.72898	-5.93115	1.27646	-2.50587	7.75724	-5.96146	7.75	-5.95	1.00028	-3.00084
7.80094	-6.05865	1.36746	-2.56656	7.71187	-5.94164	7.85	-6.05	1.9998	-1.99981
7.89248	-6.16767	1.42815	-2.50957	7.95005	-6.14609	7.95	-6.15	1.9998	-1.9998
7.9423	-6.26622	1.2004	-2.29726	8.03808	-6.28852	8	-6.25	1.00004	-2.00008
8.0145	-6.37044	1.23257	-2.26627	8.04346	-6.35767	8.05	-6.35	1.00004	-2.00008
8.11873	-6.52023	1.60157	-2.57528	8.1071	-6.48544	8.15	-6.5	1.99951	-2.99928
8.21197	-6.64637	1.63167	-2.56296	8.25742	-6.66007	8.25	-6.65	1.9995	-2.99925
8.25994	-6.7419	1.2185	-2.18661	8.38768	-6.7963	8.3	-6.75	0.90921	-1.81841
8.32732	-6.86394	1.21847	-2.19072	8.33159	-6.8699	8.35	-6.85	0.90921	-1.81841
8.41533	-6.99932	1.39921	-2.35312	8.58336	-7.15056	8.4	-7	1.0001	-3.00036
8.47465	-7.13013	1.36912	-2.38903	8.45779	-7.15285	8.45	-7.15	1.00011	-3.00036
8.54651	-7.25347	1.45133	-2.46294	8.37938	-7.10665	8.55	-7.25	1.99907	-1.99908
8.6294	-7.36487	1.48001	-2.43056	8.647	-7.3454	8.65	-7.35	1.99908	-1.99908
8.71095	-7.49662	1.53328	-2.48773	8.76035	-7.57239	8.7	-7.5	1.00058	-3.00174
8.77677	-7.63485	1.5024	-2.52515	8.76121	-7.66039	8.75	-7.65	1.00057	-3.00171
8.81745	-7.72942	1.20786	-2.25799	8.81118	-7.75569	8.8	-7.75	0.999844	-1.99968
8.86974	-7.84422	1.18895	-2.26612	8.84363	-7.83628	8.85	-7.85	0.999844	-1.99968
8.98272	-8.01223	1.62553	-2.68146	9.07758	-8.1058	8.95	-8	2.00017	-3.00024
9.05973	-8.15091	1.61374	-2.69407	9.05238	-8.15838	9.05	-8.15	2.00014	-3.00021
9.10082	-8.24672	1.2841	-2.38159	9.05557	-8.22632	9.1	-8.25	0.998905	-1.99781
9.16401	-8.36295	1.28315	-2.37524	9.15492	-8.35136	9.15	-8.35	0.998886	-1.99779
9.23146	-8.49117	1.23321	-2.32974	9.30408	-8.57245	9.2	-8.5	0.908863	-2.72657
9.28433	-8.63162	1.19362	-2.36451	9.2543	-8.64461	9.25	-8.65	0.908855	-2.72655
9.33738	-8.75608	1.14914	-2.33984	9.15971	-8.67035	9.3	-8.8	0.909475	-2.72841
9.37936	-8.90977	1.08955	-2.40645	9.35164	-8.95148	9.35	-8.95	0.909466	-2.72839
9.45701	-9.06296	1.28746	-2.62875	9.47941	-9.179	9.4	-9.1	0.999765	-2.99935
9.49454	-9.21646	1.21622	-2.69079	9.44272	-9.24111	9.45	-9.25	0.999774	-2.99934
9.52449	-9.32615	0.894126	-2.36356	9.53008	-9.38561	9.5	-9.35	0.908962	-1.81792
9.57628	-9.45054	0.902674	-2.3497	9.5752	-9.43724	9.55	-9.45	0.908954	-1.8179
9.62777	-9.58561	0.930244	-2.38893	9.60163	-9.60777	9.6	-9.6	0.909988	-2.72996
9.65995	-9.73386	0.879105	-2.43535	9.62903	-9.75552	9.65	-9.75	0.909971	-2.72993
9.71816	-9.88288	0.974988	-2.5483	9.69155	-9.89958	9.7	-9.9	0.907972	-2.7239
9.76121	-10.033	0.946098	-2.57476	9.74482	-10.046	9.75	-10.05	0.907972	-2.72391
9.78485	-10.1471	0.73516	-2.35812	9.69256	-10.1336	9.75	-10.2	0	-2.73106
9.79504	-10.306	0.6523	-2.43655	9.75264	-10.3488	9.75	-10.35	0	-2.73105
9.85623	-10.4684	0.913476	-2.7476	9.82419	-10.5024	9.8	-10.5	1	-2.99999
9.87629	-10.6264	0.844935	-2.80449	9.83234	-10.6514	9.85	-10.65	0.999994	-2.99996
9.90315	-10.7528	0.73748	-2.69343	9.825	-10.7525	9.85	-10.8	0	-3.00047
9.90568	-10.9174	0.644141	-2.77411	9.85033	-10.9603	9.85	-10.95	0	-3.00048
9.89783	-11.0088	0.278837	-2.35017	9.91881	-11.1448	9.85	-11.05	0	-1.9956
9.89421	-11.1387	0.232477	-2.38417	9.86057	-11.1502	9.85	-11.15	0	-1.99559
9.90472	-11.2722	0.235874	-2.40255	9.83851	-11.2795	9.85	-11.3	0	-2.73184
9.88862	-11.4252	0.158389	-2.46079	9.83839	-11.4483	9.85	-11.45	0	-2.73182
9.8889	-11.5476	0.122231	-2.44021	9.79654	-11.5922	9.8	-11.6	-0.998566	-2.9957
9.84427	-11.7064	-0.0133839	-2.54076	9.75592	-11.7487	9.75	-11.75	-0.998566	-2.99569
9.84563	-11.8587	0.0300702	-2.62269	9.77699	-11.9246	9.75	-11.9	0	-2.73084
9.81438	-12.0254	-0.0577743	-2.68477	9.75861	-12.0491	9.75	-12.05	0	-2.73085
9.77078	-12.1254	-0.378471	-2.28386	9.63743	-12.1863	9.65	-12.2	-1.81598	-2.72396
9.68013	-12.2977	-0.56489	-2.41107	9.56514	-12.3446	9.55	-12.35	-1.81597	-2.72396
9.59869	-12.3644	-0.9834	-1.85546	9.47157	-12.4849	9.45	-12.45	-1.82132	-1.82133
9.47188	-12.5089	-1.17623	-1.97433	9.34752	-12.5408	9.35	-12.55	-1.82131	-1.82131
9.40191	-12.622	-1.19534	-1.97953	9.32154	-12.7193	9.3	-12.65	-0.908038	-1.81606
9.30356	-12.7445	-1.27952	-2.02043	9.24151	-12.7411	9.25	-12.75	-0.908029	-1.81605
9.17815	-12.7672	-1.74353	-1.3216	9.04013	-12.7738	9.05	-12.85	-3.64007	-1.82004
8.98898	-12.8939	-1.99292	-1.46934	8.83995	-12.9425	8.85	-12.95	-3.64007	-1.82003
8.86689	-12.9403	-2.15777	-1.23452	8.73518	-13.0163	8.75	-13	-1.9959	-0.997948
8.71571	-13.0229	-2.27161	-1.29356	8.6395	-13.0341	8.65	-13.05	-1.9959	-0.997948
8.57008	-13.0567	-2.44464	-1.00415	8.48414	-13.0416	8.5	-13.1	-2.73149	-0.910502
8.40046	-13.1301	-2.53923	-1.05397	8.34268	-13.1451	8.35	-13.15	-2.73146	-0.910485
8.25226	-13.1772	-2.59958	-0.960582	8.19497	-13.1991	8.2	-13.2	-2.72385	-0.907955
8.09167	-13.2367	-2.64545	-0.980043	8.06107	-13.2364	8.05	-13.25	-2.72383	-0.907947
7.92492	-13.2386	-2.84455	-0.586265	7.88931	-13.1791	7.9	-13.25	-2.72673	0
7.76696	-13.2654	-2.84592	-0.575831	7.75593	-13.2425	7.75	-13.25	-2.72673	0
7.59321	-13.2552	-2.99183	-0.277154	7.52542	-13.1457	7.6	-13.25	-2.72991	0
7.44022	-13.2595	-2.95877	-0.251697	7.44992	-13.2329	7.45	-13.25	-2.72991	0
7.24472	-13.1886	-3.26784	0.407759	7.19347	-13.1392	7.25	-13.2	-3.63887	0.909723
7.06189	-13.1659	-3.27581	0.407311	7.05468	-13.1604	7.05	-13.15	-3.63887	0.909723
6.89543	-13.1809	-3.13703	0.0991276	6.90569	-13.1515	6.9	-13.15	-2.72312	0
6.73003	-13.1657	-3.11436	0.120664	6.73255	-13.1364	6.75	-13.15	-2.72312	0
6.58136	-13.1724	-3.09412	0.0805565	6.69426	-13.3705	6.6	-13.15	-3.00475	0
6.42933	-13.1629	-3.08562	0.0916232	6.42749	-13.1436	6.45	-13.15	-3.00472	0
6.27719	-13.1395	-3.1316	0.261551	6.4246	-13.2048	6.35	-13.1	-1.9976	0.998786
6.17278	-13.1004	-2.98754	0.327	6.2503	-13.0552	6.25	-13.05	-1.99758	0.998786
6.01026	-13.0621	-3.04184	0.520348	6.162	-13.1569	6.1	-13	-2.72732	0.909111
5.8908	-13.0046	-2.90804	0.589873	5.95166	-12.9396	5.95	-12.95	-2.72732	0.909111
5.72944	-12.9497	-2.9526	0.749854	5.78184	-12.8825	5.8	-12.9	-2.72895	0.909657
5.60284	-12.8877	-2.85302	0.799805	5.64785	-12.8416	5.65	-12.85	-2.72896	0.909648
5.44158	-12.8024	-2.95056	1.12986	5.54035	-12.7925	5.55	-12.75	-1.81808	1.81809
5.34624	-12.7095	-2.76656	1.20673	5.43842	-12.6552	5.45	-12.65	-1.81809	1.81809
5.19427	-12.6082	-2.83468	1.4824	5.33087	-12.5965	5.3	-12.55	-2.7236	1.81575
5.07533	-12.5046	-2.7306	1.53418	5.12059	-12.4527	5.15	-12.45	-2.72358	1.81572
4.93972	-12.4315	-2.68666	1.49022	5.13793	-12.5907	5.05	-12.35	-1.81967	1.81966
4.8626	-12.3121	-2.49031	1.58014	4.95241	-12.2277	4.95	-12.25	-1.81967	1.81967
4.72131	-12.1771	-2.58693	1.94605	4.81467	-12.1072	4.85	-12.1	-1.81844	2.72766
4.65348	-12.0337	-2.38058	2.03454	4.75144	-11.9561	4.75	-11.95	-1.81844	2.72767
4.54682	-11.9461	-2.23877	1.7601	4.6829	-11.7433	4.7	-11.85	-0.909557	1.8191
4.52745	-11.8104	-1.95501	1.86135	4.67603	-11.7496	4.65	-11.75	-0.909553	1.81911
4.43045	-11.6871	-1.95907	2.01164	4.61619	-11.6508	4.6	-11.6	-0.907782	2.72335
4.41643	-11.533	-1.69924	2.11948	4.5432	-11.4431	4.55	-11.45	-0.907778	2.72334
4.31672	-11.3381	-1.84916	2.69923	4.48104	-11.1618	4.5	-11.25	-0.910253	3.64099
4.3107	-11.1486	-1.5857	2.80479	4.44374	-11.0696	4.45	-11.05	-0.910253	3.64099
4.27751	-11.0776	-1.24422	2.06413	4.46178	-10.9843	4.45	-10.95	0	1.81804
4.30572	-10.9267	-0.979284	2.16453	4.4464	-10.8663	4.45	-10.85	0	1.81805
4.29232	-10.8537	-0.796608	1.85477	4.60972	-11.1274	4.45	-10.75	0	1.81614
4.32836	-10.7133	-0.575192	1.95366	4.43858	-10.6346	4.45	-10.65	0	1.81614
4.28037	-10.5265	-0.782941	2.57434	4.43099	-10.4242	4.45	-10.45	0	3.6396
4.32554	-10.3399	-0.537947	2.69089	4.44616	-10.2449	4.45	-10.25	0	3.6396
4.33237	-10.2116	-0.365872	2.4713	4.52156	-10.1192	4.5	-10.1	0.910021	2.73005
4.4106	-10.0293	-0.0945919	2.59682	4.55225	-9.94382	4.55	-9.95	0.910013	2.73003
4.42539	-9.88524	-0.0429663	2.64241	4.5897	-9.73456	4.6	-9.8	0.999085	2.99725
4.50903	-9.71506	0.192256	2.75008	4.64586	-9.65356	4.65	-9.65	0.99908	2.99724
4.5664	-9.60306	0.484725	2.31273	4.61159	-9.38621	4.7	-9.55	0.910095	1.82021
4.64746	-9.45948	0.630549	2.36827	4.7442	-9.45683	4.75	-9.45	0.910091	1.82018
4.6954	-9.33436	0.685138	2.3702	4.80746	-9.23434	4.85	-9.3	1.99828	2.99743
4.80568	-9.18608	0.890122	2.46385	4.94202	-9.15915	4.95	-9.15	1.99826	2.99739
4.86439	-9.03539	0.879919	2.57267	5.03379	-9.03255	5	-9	0.908384	2.72514
4.96684	-8.86947	1.02596	2.64744	5.06039	-8.84271	5.05	-8.85	0.908384	2.72514
5.07664	-8.76962	1.34741	2.23987	5.21058	-8.83852	5.15	-8.75	1.81679	1.8168
5.18814	-8.63782	1.4446	2.27592	5.26598	-8.6555	5.25	-8.65	1.81679	1.8168
5.27344	-8.50849	1.4545	2.29857	5.33786	-8.49992	5.35	-8.5	1.82017	2.73024
5.38176	-8.37	1.52989	2.33886	5.43516	-8.36367	5.45	-8.35	1.82015	2.73022
5.49527	-8.26032	1.70134	2.16198	5.58025	-8.28767	5.55	-8.25	1.81852	1.81852
5.6064	-8.14186	1.74462	2.17067	5.65225	-8.1686	5.65	-8.15	1.8185	1.8185
5.72832	-8.04293	1.89422	2.01482	5.83663	-8.14888	5.75	-8.05	1.81752	1.81753
5.82415	-7.93901	1.87111	1.99525	5.81186	-7.95139	5.85	-7.95	1.81752	1.81752
5.93682	-7.8404	1.92957	1.9276	5.99151	-7.92468	5.95	-7.85	1.8194	1.8194
6.0424	-7.73795	1.92709	1.91977	6.04627	-7.74932	6.05	-7.75	1.81941	1.8194
6.1202	-7.60283	1.72932	2.13714	6.05883	-7.47931	6.15	-7.6	1.81742	2.72613
6.23412	-7.46791	1.78087	2.18609	6.26179	-7.43797	6.25	-7.45	1.8174	2.72611
6.38016	-7.37635	2.13323	1.8715	6.3458	-7.29797	6.4	-7.35	2.7248	1.81653
6.51658	-7.25979	2.18332	1.91294	6.55234	-7.24441	6.55	-7.25	2.72477	1.81651
6.65523	-7.17071	2.33647	1.76763	6.61964	-7.17343	6.65	-7.2	1.81957	0.909789
6.76453	-7.09971	2.28196	1.69705	6.74556	-7.15305	6.75	-7.15	1.81957	0.909785
6.9019	-7.01617	2.36881	1.62013	6.91901	-7.04822	6.9	-7.05	2.72946	1.81964
7.04095	-6.92701	2.38928	1.62586	7.06886	-6.94012	7.05	-6.95	2.72946	1.81964
7.13963	-6.81933	2.14925	1.80617	7.12574	-6.81829	7.15	-6.85	1.81554	1.81554
7.25459	-6.72588	2.1392	1.79015	7.25262	-6.73852	7.25	-6.75	1.81554	1.81554
7.35436	-6.62165	2.02632	1.85839	7.30586	-6.61905	7.35	-6.65	1.82007	1.82007
7.4616	-6.52599	2.01471	1.84085	7.45762	-6.53827	7.45	-6.55	1.82005	1.82005
7.62704	-6.45924	2.44728	1.52477	7.59546	-6.48319	7.6	-6.5	2.72628	0.908764
7.74928	-6.39979	2.41059	1.45955	7.74315	-6.44913	7.75	-6.45	2.72628	0.908764
7.86645	-6.32297	2.31327	1.4897	7.8486	-6.40709	7.85	-6.4	1.81656	0.908285
7.97451	-6.27592	2.25802	1.39479	7.9584	-6.34152	7.95	-6.35	1.81656	0.908281
8.09576	-6.20437	2.25837	1.3744	8.05398	-6.23227	8.1	-6.25	2.73006	1.82003
8.22484	-6.13226	2.26795	1.36911	8.24773	-6.1485	8.25	-6.15	2.73005	1.82003
8.36319	-6.05724	2.37765	1.31942	8.32369	-5.98136	8.4	-6.05	2.72692	1.81795
8.51262	-5.96448	2.42503	1.37905	8.55156	-5.93992	8.55	-5.95	2.7269	1.81794
8.61481	-5.87122	2.1707	1.53331	8.63806	-5.84559	8.65	-5.85	1.81844	1.81844
8.74243	-5.7736	2.19285	1.57054	8.7543	-5.75242	8.75	-5.75	1.81843	1.81843
8.89107	-5.69345	2.36687	1.49691	9.00947	-5.71389	8.9	-5.65	2.72464	1.81643
9.03749	-5.5839	2.40983	1.57292	9.06113	-5.54128	9.05	-5.55	2.72465	1.81643
9.14312	-5.48412	2.19736	1.68599	9.13937	-5.44533	9.15	-5.45	1.81916	1.81918
9.26471	-5.37413	2.20467	1.72979	9.24452	-5.3352	9.25	-5.35	1.81916	1.81916
9.3834	-5.28082	2.22645	1.70886	9.26221	-5.25032	9.35	-5.3	1.81895	0.909466
9.48368	-5.21779	2.17173	1.61944	9.43645	-5.25801	9.45	-5.25	1.81894	0.90947
9.56334	-5.11761	1.81064	1.77541	9.71784	-5.19928	9.55	-5.1	1.81986	2.72981
9.6657	-4.99777	1.82323	1.83351	9.64908	-4.9531	9.65	-4.95	1.81987	2.72981
9.76243	-4.89218	1.81973	1.84279	9.67182	-4.82288	9.75	-4.85	1.81736	1.81735
9.86721	-4.77492	1.83363	1.88564	9.86682	-4.74721	9.85	-4.75	1.81736	1.81735
9.96237	-4.66774	1.79159	1.90634	9.94653	-4.64316	9.95	-4.65	1.81806	1.81805
10.0646	-4.55498	1.80104	1.92842	10.0706	-4.54316	10.05	-4.55	1.81805	1.81805
10.2296	-4.46456	2.26885	1.77262	10.4074	-4.52899	10.2	-4.45	2.72609	1.8174
10.3533	-4.36209	2.26791	1.78494	10.3431	-4.35107	10.35	-4.35	2.72606	1.81737
10.377	-4.23736	1.45461	2.05514	10.3837	-4.17982	10.4	-4.2	0.908945	2.72688
10.4612	-4.10442	1.46749	2.10888	10.4578	-4.07071	10.45	-4.05	0.908953	2.72687
10.5779	-3.99128	1.76045	2.03501	10.5531	-3.94939	10.55	-3.95	1.81903	1.81904
10.6709	-3.86742	1.75577	2.06498	10.6424	-3.84126	10.65	-3.85	1.81902	1.81903
10.7561	-3.7447	1.70441	2.0958	10.6157	-3.63689	10.75	-3.7	1.81931	2.72896
10.8572	-3.59503	1.72563	2.18974	10.8572	-3.53957	10.85	-3.55	1.81931	2.72896
10.8988	-3.47097	1.38728	2.2895	10.8149	-3.35552	10.9	-3.4	0.999745	2.99928
10.9687	-3.31829	1.39592	2.39119	10.9372	-3.24816	10.95	-3.25	0.999754	2.99928
11.0812	-3.18469	1.73585	2.33543	10.9078	-3.10703	11.05	-3.15	1.81764	1.81765
11.1688	-3.05882	1.72067	2.32578	11.135	-3.05697	11.15	-3.05	1.81763	1.81764
11.209	-2.92442	1.2949	2.40534	11.1507	-2.87978	11.2	-2.9	0.909657	2.72896
11.2784	-2.77462	1.29383	2.452	11.2571	-2.74346	11.25	-2.75	0.909648	2.72893
11.2065	-2.64119	0.166341	2.62966	11.2614	-2.58697	11.2	-2.6	-0.998725	2.99617
11.2038	-2.49163	0.148566	2.67463	11.1393	-2.45312	11.15	-2.45	-0.998725	2.99616
11.2641	-2.34036	0.582072	2.63583	11.2346	-2.28949	11.2	-2.3	0.908813	2.72643
11.2871	-2.18599	0.566216	2.65869	11.239	-2.16508	11.25	-2.15	0.908805	2.7264
11.3332	-2.03521	0.740804	2.65128	11.1623	-1.9797	11.3	-2	0.909855	2.72956
11.3696	-1.87562	0.733761	2.68794	11.3424	-1.85113	11.35	-1.85	0.909847	2.72953
