0.312243	0.58034	0	0	0.312243	0.58034	0.6	0.6	5.19994	0
0.779913	0.722414	6.65259	1.97674	0.862916	0.534212	0.859997	0.600045	5.19975	0.00179686
1.19544	0.535057	10.3164	-0.0103694	1.17385	0.481073	1.11998	0.600225	5.19943	0.00538996
1.03225	0.563875	4.61248	2.60145	0.969149	0.397513	1.37996	0.600629	5.19898	0.0107781
1.35886	0.703609	4.97409	2.20741	1.65063	0.62469	1.6399	0.601347	5.19839	0.0179597
1.71943	0.648027	5.39412	1.08485	1.62331	0.499091	1.89982	0.60247	5.19766	0.0269323
2.03439	0.698752	5.51504	0.949911	2.18882	0.648739	2.1597	0.604086	5.19678	0.0376932
2.27634	0.698425	5.29739	0.733647	1.96701	0.557117	2.41954	0.606284	5.19573	0.0502389
2.56566	0.724748	5.35098	0.651829	2.65526	0.66598	2.67932	0.609155	5.1945	0.0645654
2.84779	0.709017	5.3356	0.423455	2.92034	0.645898	2.93904	0.612786	5.19309	0.080668
3.09614	0.716534	5.3057	0.389517	3.01222	0.637046	3.19869	0.617267	5.19147	0.0985415
3.39198	0.64408	5.33294	0.0118751	3.56096	0.485311	3.45825	0.622685	5.18963	0.11818
3.70692	0.57808	5.43016	-0.262001	3.89365	0.311793	3.71772	0.62913	5.18754	0.139576
3.98871	0.594179	5.47794	-0.15792	4.19786	0.698311	3.97708	0.636689	5.18519	0.162724
4.27087	0.583917	5.49238	-0.169514	4.30935	0.578564	4.23632	0.645449	5.18256	0.187614
4.52797	0.601962	5.33993	-0.0892433	4.61908	0.68951	4.49542	0.655498	5.17962	0.214238
4.71565	0.6757	5.19667	0.194163	4.35143	0.899174	4.75437	0.666921	5.17634	0.242587
4.96775	0.671835	5.04515	0.132898	5.20901	0.66599	5.01315	0.679804	5.1727	0.272649
5.27029	0.666615	5.13513	0.0832558	5.51894	0.648233	5.27175	0.694234	5.16867	0.304413
5.53189	0.671916	5.27127	0.100426	5.22834	0.639362	5.53013	0.710295	5.16422	0.337868
5.83243	0.68258	5.33647	0.110884	6.022	0.708619	5.78828	0.728072	5.15932	0.372999
6.07223	0.624949	5.13029	-0.0977947	5.89392	0.373584	6.04618	0.747647	5.15393	0.409793
6.3264	0.7157	5.11598	0.194717	6.34249	0.948833	6.30379	0.769103	5.14803	0.448233
6.57673	0.744518	5.06483	0.24942	6.62134	0.836138	6.5611	0.792523	5.14157	0.488305
6.82278	0.744613	5.0532	0.213511	6.78214	0.714036	6.81808	0.817988	5.13452	0.52999
7.0641	0.730236	4.87829	0.123975	7.29121	0.630741	7.07469	0.845578	5.12685	0.573269
7.27676	0.808714	4.81435	0.341557	7.13735	0.957217	7.3309	0.875373	5.11851	0.618123
7.57711	0.8226	5.15914	0.34924	8.08349	0.819605	7.58668	0.907449	5.10946	0.664531
7.83222	0.801317	5.15824	0.237041	7.80533	0.719126	7.84199	0.941886	5.09966	0.712469
8.08007	0.818332	4.97775	0.237449	8.40453	0.884557	8.0968	0.978759	5.08907	0.761915
8.31558	0.834946	4.95307	0.252847	8.24796	0.840322	8.35106	1.01814	5.07766	0.812843
8.58964	0.925301	5.23516	0.497895	8.45858	1.41118	8.60472	1.06011	5.06537	0.865226
8.83255	0.985509	5.19775	0.600822	8.74615	1.04858	8.85775	1.10473	5.05216	0.919037
9.12498	1.02393	5.2448	0.619317	9.8809	1.1419	9.1101	1.15208	5.03798	0.974245
9.36589	1.05539	5.20603	0.623468	9.25579	1.04913	9.36172	1.20223	5.0228	1.03082
9.64723	1.1294	5.25593	0.744263	10.1016	1.52474	9.61255	1.25524	5.00656	1.08873
9.92691	1.26227	5.27553	1.00988	10.0484	1.44598	9.86254	1.31118	4.98922	1.14794
10.1723	1.3444	5.01788	1.07189	10.5377	1.72555	10.1117	1.37011	4.97074	1.20841
10.3932	1.42387	4.95982	1.14794	10.2492	1.45907	10.3598	1.4321	4.95106	1.2701
10.6232	1.49416	4.72589	1.15753	10.9084	1.70343	10.6069	1.49721	4.93014	1.33298
10.841	1.51951	4.69705	1.07064	10.7313	1.45265	10.853	1.56549	4.90794	1.39701
11.1124	1.56184	4.88925	1.05222	11.4783	1.42876	11.0979	1.637	4.8844	1.46213
11.3949	1.60799	4.95956	1.02887	11.587	1.61462	11.3416	1.71179	4.85948	1.52832
11.6263	1.64899	4.86335	0.992375	11.4763	1.53917	11.584	1.78992	4.83313	1.59551
11.8531	1.71869	4.83045	1.04957	11.7788	1.74591	11.8251	1.87144	4.80531	1.66366
12.1138	1.80246	4.99087	1.15298	12.136	2.14937	12.0647	1.95639	4.77598	1.73273
12.3589	1.83302	4.98685	1.07986	12.3226	1.78353	12.3029	2.04482	4.74508	1.80265
12.6186	1.88169	5.09374	1.07722	12.5457	1.77728	12.5394	2.13677	4.71257	1.87338
12.819	2.03382	4.98029	1.35127	12.5924	2.17509	12.7743	2.23227	4.67842	1.94485
13.0899	2.14104	5.12911	1.47602	13.2198	2.6644	13.0075	2.33137	4.64258	2.01701
13.2968	2.29562	5.02554	1.7014	13.0875	2.40708	13.2388	2.43409	4.605	2.08981
13.4717	2.4217	4.61157	1.77645	12.7087	3.12439	13.4682	2.54047	4.56565	2.16317
13.7205	2.54859	4.63813	1.87587	13.836	2.62479	13.6955	2.65053	4.52448	2.23703
13.9416	2.64688	4.58126	1.88272	13.8302	2.73893	13.9208	2.7643	4.48147	2.31134
14.1694	2.81516	4.56445	2.08128	14.2106	2.94205	14.1439	2.88179	4.43656	2.38601
14.423	2.92174	4.73904	2.11089	14.5568	2.87021	14.3646	3.00303	4.38974	2.46099
14.6315	2.99057	4.69411	2.01824	14.4616	2.90734	14.583	3.12802	4.34097	2.5362
14.8656	3.13921	4.73855	2.15939	14.6754	3.96041	14.7989	3.25679	4.29021	2.61157
15.0777	3.34873	4.67137	2.4338	15.0261	3.5067	15.0122	3.38932	4.23744	2.68703
15.2903	3.49551	4.46178	2.4657	15.3685	4.14761	15.2228	3.52563	4.18263	2.76249
15.5049	3.69789	4.42811	2.67663	15.5236	3.82936	15.4306	3.66572	4.12575	2.83789
15.719	3.80926	4.36579	2.60407	15.7234	3.4105	15.6355	3.80957	4.06678	2.91315
15.941	3.96058	4.36768	2.65891	15.9774	4.00094	15.8375	3.95719	4.00571	2.98817
16.1414	4.09002	4.15333	2.60503	16.3376	4.21632	16.0363	4.10854	3.94251	3.0629
16.3336	4.30607	4.10299	2.83356	16.3313	4.44499	16.2319	4.26363	3.87716	3.13723
16.5492	4.44974	4.12836	2.8383	16.7586	4.48231	16.4242	4.42242	3.80966	3.21109
16.724	4.6313	4.05892	2.94886	16.6039	4.67344	16.613	4.5849	3.74	3.28438
16.8853	4.77531	3.68468	2.86123	16.9236	5.10119	16.7983	4.75103	3.66817	3.35704
17.0384	5.03298	3.5953	3.16699	16.9955	5.21099	16.9799	4.92077	3.59416	3.42897
17.2167	5.16762	3.55474	3.09056	17.3421	4.64623	17.1579	5.09409	3.51797	3.50008
17.3682	5.37139	3.49111	3.22448	17.2894	5.43542	17.3319	5.27094	3.4396	3.57028
17.5343	5.49806	3.40046	3.10756	17.6463	4.74597	17.5019	5.45128	3.35907	3.63949
17.7211	5.63726	3.43689	3.06168	17.7853	5.62476	17.6679	5.63506	3.27637	3.70762
17.8765	5.79285	3.27453	3.02843	17.9216	6.07151	17.8297	5.82221	3.19151	3.77458
18.0403	6.02237	3.2515	3.23002	18.1263	6.16985	17.9872	6.01269	3.10453	3.84027
18.1995	6.2038	3.22223	3.27714	18.1245	6.79027	18.1402	6.20641	3.01542	3.90462
18.3125	6.48728	3.09414	3.59696	18.2164	6.66138	18.2888	6.40332	2.92421	3.96753
18.4529	6.67229	2.97149	3.57885	18.4022	7.02231	18.4328	6.60333	2.83093	4.0289
18.5972	6.82202	2.97268	3.50524	18.5422	6.76013	18.572	6.80638	2.7356	4.08867
18.7543	7.00803	3.01914	3.54389	18.8089	7.24388	18.7064	7.01237	2.63825	4.14672
18.951	7.16589	3.11328	3.48223	19.1441	7.18344	18.8359	7.22122	2.53893	4.20299
19.0519	7.32415	2.78855	3.36728	18.5479	7.4012	18.9604	7.43283	2.43767	4.25737
19.1268	7.64489	2.6139	3.77266	19.0138	7.8688	19.0798	7.64712	2.3345	4.3098
19.2561	7.82722	2.59377	3.74848	19.3089	7.67375	19.1939	7.86397	2.22949	4.36017
19.3268	8.07728	2.45775	3.92377	19.132	8.12845	19.3028	8.08329	2.12266	4.40842
19.4314	8.2678	2.42347	3.91452	19.0239	8.17194	19.4062	8.30497	2.01409	4.45445
19.5253	8.42466	2.38425	3.82475	19.347	8.30741	19.5042	8.5289	1.90381	4.49819
19.6284	8.59901	2.24171	3.73321	19.6843	8.35902	19.5966	8.75494	1.7919	4.53956
19.7841	8.80016	2.32158	3.75647	20.0039	8.8906	19.6835	8.983	1.67841	4.57848
19.8704	8.98879	2.11018	3.69645	19.6061	9.48659	19.7645	9.21294	1.56341	4.61488
19.9869	9.25965	2.09999	3.9084	20.1574	9.45949	19.8398	9.44463	1.44697	4.64869
20.047	9.44367	1.81312	3.79493	19.6163	9.76606	19.9093	9.67795	1.32916	4.67984
20.1162	9.72969	1.73455	4.04143	20.1573	9.90876	19.9728	9.91275	1.21005	4.70826
20.179	9.97393	1.68257	4.16185	19.1911	11.5493	20.0303	10.1489	1.08972	4.73389
20.2156	10.2926	1.54552	4.45098	20.166	10.4687	20.0818	10.3863	0.968259	4.75666
20.2425	10.4978	1.23949	4.30981	19.6775	10.803	20.1271	10.6247	0.845742	4.77652
20.2895	10.8109	1.17026	4.55467	20.371	11.0109	20.1663	10.864	0.722256	4.7934
20.317	11.0632	1.03711	4.59243	19.4335	12.3402	20.1993	11.1041	0.597892	4.80727
20.3519	11.3173	0.99282	4.65796	20.3164	11.3483	20.2261	11.3449	0.472738	4.81807
20.316	11.5241	0.483754	4.41939	19.2063	12.2418	20.2466	11.5861	0.346889	4.82575
20.3803	11.7842	0.548437	4.50059	20.6141	11.9422	20.2608	11.8275	0.220439	4.83027
20.4024	12.0137	0.625374	4.56877	19.966	11.9688	20.2687	12.0692	0.093487	4.83159
20.3827	12.3397	0.479472	4.82185	20.3263	12.4966	20.2701	12.3108	-0.0338694	4.82968
20.3502	12.5387	0.0712994	4.54008	20.0192	12.4823	20.2652	12.5522	-0.161529	4.82451
20.3731	12.7926	0.0993498	4.5974	20.498	12.8924	20.254	12.7933	-0.28939	4.81605
20.3743	12.9917	-0.0223997	4.43908	20.9151	12.2555	20.2363	13.0339	-0.417348	4.80428
20.3364	13.2185	-0.100518	4.46374	20.1943	13.1688	20.2122	13.2738	-0.545298	4.78918
20.3053	13.4309	-0.22137	4.39885	19.858	13.5236	20.1818	13.5129	-0.673135	4.77072
20.2748	13.7256	-0.295298	4.58314	20.3245	13.8896	20.1449	13.7509	-0.800753	4.74892
20.234	13.9202	-0.521913	4.37535	20.3387	13.5307	20.1017	13.9878	-0.928043	4.72374
20.1647	14.2128	-0.645864	4.56502	20.1216	14.337	20.0521	14.2233	-1.0549	4.69521
20.0999	14.4195	-0.824353	4.43707	19.6717	14.4038	19.9962	14.4573	-1.18121	4.66331
19.9755	14.7152	-1.03374	4.64046	19.781	14.773	19.934	14.6897	-1.30687	4.62805
19.9123	14.913	-1.11041	4.51062	20.1149	14.0165	19.8655	14.9202	-1.43177	4.58944
19.89	15.1405	-1.04056	4.50276	20.0208	15.2053	19.7908	15.1486	-1.55581	4.54751
19.7873	15.3072	-1.56089	4.03153	20.0157	15.3443	19.7099	15.3749	-1.67887	4.50226
19.7558	15.4989	-1.45669	3.99135	19.9131	15.554	19.6229	15.5989	-1.80085	4.45372
19.6773	15.6753	-1.51731	3.89007	19.9388	15.0864	19.5298	15.8203	-1.92164	4.40193
19.5522	15.9277	-1.65038	4.04161	19.4748	16.0098	19.4307	16.039	-2.04114	4.3469
19.4544	16.1189	-1.702	4.0023	19.1556	16.0022	19.3257	16.2549	-2.15925	4.28868
19.3405	16.3204	-1.76497	4.01626	19.238	16.2719	19.2148	16.4679	-2.27586	4.22731
19.2344	16.4925	-1.94898	3.81538	19.4007	16.2962	19.0981	16.6777	-2.39087	4.16284
19.0827	16.7457	-2.09706	3.97758	19.0029	16.8387	18.9757	16.8841	-2.50418	4.0953
18.9415	16.9149	-2.49336	3.61738	18.8373	17.7112	18.8477	17.0872	-2.61571	4.02476
18.7276	17.2045	-2.74147	3.89589	18.6148	17.3832	18.7142	17.2866	-2.72534	3.95127
18.6073	17.4093	-2.59617	4.02213	18.8177	17.0316	18.5752	17.4822	-2.83299	3.87489
18.3808	17.639	-2.82444	4.12242	18.1023	17.5529	18.4309	17.674	-2.93858	3.79568
18.2307	17.8257	-2.88364	4.0327	18.2749	17.4877	18.2814	17.8617	-3.042	3.71372
18.1188	18.0179	-2.80658	3.99954	18.2094	18.0461	18.1268	18.0453	-3.14318	3.62906
17.9497	18.1546	-3.09392	3.60249	18.3021	17.498	17.9671	18.2246	-3.24204	3.5418
17.8396	18.2894	-2.97134	3.48659	17.9018	18.2183	17.8026	18.3994	-3.3385	3.45199
17.7132	18.4526	-3.00301	3.35743	18.8558	18.1364	17.6334	18.5697	-3.43247	3.35973
17.5011	18.6648	-3.16474	3.47745	17.3845	18.7039	17.4595	18.7353	-3.5239	3.26509
17.328	18.7885	-3.34172	3.18303	17.7945	18.0801	17.281	18.8962	-3.61271	3.16817
17.1727	18.9293	-3.30578	3.13884	17.1762	18.8863	17.0983	19.0521	-3.69883	3.06904
17.0035	19.0911	-3.40039	3.05404	16.9398	19.7311	16.9113	19.203	-3.78221	2.9678
16.7784	19.2238	-3.51673	3.0317	16.5734	19.052	16.7201	19.3488	-3.86278	2.86455
16.5839	19.3716	-3.69679	2.86256	16.1674	20.2201	16.5251	19.4894	-3.9405	2.75938
16.3368	19.5611	-3.86284	2.98447	16.2338	19.6171	16.3262	19.6246	-4.01531	2.65237
16.1181	19.6307	-4.04686	2.6155	16.4366	18.2742	16.1237	19.7545	-4.08716	2.54364
15.9056	19.7884	-4.08336	2.67606	15.9243	19.8703	15.9176	19.8789	-4.15602	2.43329
15.7096	19.9049	-4.05203	2.64098	16.2328	19.2166	15.7082	19.9978	-4.22185	2.32141
15.4668	20.0825	-4.16777	2.75074	15.4332	20.1836	15.4956	20.111	-4.28461	2.2081
15.2357	20.2274	-4.32828	2.63276	14.3677	21.3406	15.2799	20.2185	-4.34427	2.09347
15.0682	20.3578	-4.21222	2.61277	15.2016	20.4385	15.0613	20.3203	-4.4008	1.97763
14.8321	20.4343	-4.39367	2.29794	14.7476	19.9571	14.84	20.4162	-4.4542	1.86068
14.6231	20.5575	-4.37214	2.3114	14.6665	20.6088	14.6161	20.5063	-4.50443	1.74272
14.3761	20.6435	-4.57509	2.03739	13.841	21.0031	14.3897	20.5904	-4.55149	1.62386
14.1333	20.7196	-4.59691	1.98944	14.0521	20.5924	14.1611	20.6686	-4.59537	1.50421
13.8881	20.7884	-4.74485	1.73558	13.8232	20.859	13.9304	20.7408	-4.63606	1.38386
13.6069	20.8601	-4.84376	1.71976	13.4686	20.7253	13.6977	20.807	-4.67357	1.26294
13.3545	20.8874	-5.01124	1.32448	13.8263	20.4261	13.4632	20.8671	-4.70789	1.14153
13.1184	20.9248	-4.96331	1.26174	13.1072	20.8294	13.2271	20.9211	-4.73904	1.01975
12.8761	20.9809	-5.01042	1.13478	13.2669	21.1579	12.9895	20.969	-4.76702	0.897694
12.7074	21.0165	-4.80191	1.06642	12.8729	21.0592	12.7506	21.0108	-4.79186	0.775469
12.4375	21.0575	-4.967	0.880447	11.5171	21.6724	12.5106	21.0465	-4.81358	0.653175
12.1941	21.1017	-4.95486	0.879115	12.2062	21.11	12.2695	21.0761	-4.83219	0.530912
11.9473	21.1175	-5.04641	0.625551	12.3859	21.1066	12.0276	21.0996	-4.84773	0.408778
11.7188	21.0884	-4.96172	0.498916	11.6814	20.8651	11.785	21.117	-4.86022	0.286869
11.4596	21.0718	-5.05476	0.25936	11.5265	20.6748	11.5418	21.1283	-4.86971	0.165281
11.2632	21.0661	-4.90778	0.205807	11.363	21.0688	11.2982	21.1335	-4.87623	0.0441057
10.9915	21.026	-5.03636	-0.0537662	10.5558	20.5567	11.0544	21.1327	-4.87982	-0.076565
10.8021	20.9885	-4.86685	-0.139838	10.8903	20.927	10.8105	21.1259	-4.88053	-0.196643
10.5281	20.9887	-4.94745	-0.116674	9.30535	21.3896	10.5666	21.1131	-4.8784	-0.31604
10.2269	21.0385	-5.10432	0.00674639	10.189	21.209	10.3229	21.0943	-4.87349	-0.434674
9.96656	21.02	-5.1938	-0.215237	9.97958	21.2932	10.0795	21.0697	-4.86585	-0.552463
9.81366	20.9771	-4.91303	-0.305864	9.99634	20.9797	9.83658	21.0391	-4.85554	-0.669327
9.56356	20.9646	-4.93083	-0.311449	9.38223	21.111	9.59422	21.0028	-4.84262	-0.785189
9.40396	20.9149	-4.69851	-0.399426	9.53921	20.8762	9.35258	20.9607	-4.82714	-0.899977
9.17381	20.8686	-4.76679	-0.668468	9.63392	20.9724	9.11177	20.9128	-4.80919	-1.01362
8.85179	20.8523	-4.98488	-0.614531	8.70331	20.8221	8.87192	20.8594	-4.78881	-1.12605
8.62697	20.7697	-4.97469	-0.904964	9.84634	20.009	8.63315	20.8003	-4.76608	-1.2372
8.34064	20.6901	-5.05774	-0.961008	8.22277	20.4839	8.39557	20.7358	-4.74108	-1.34701
8.08777	20.6118	-5.10868	-1.18607	8.29647	20.4978	8.1593	20.6657	-4.71387	-1.45542
7.86024	20.5286	-5.02891	-1.23733	7.88599	20.45	7.92445	20.5903	-4.68453	-1.56237
7.62327	20.4446	-5.06288	-1.50892	8.29081	20.6565	7.69111	20.5096	-4.65313	-1.66781
7.29755	20.3876	-5.25552	-1.45885	7.18029	20.392	7.45939	20.4237	-4.61975	-1.7717
7.03373	20.2944	-5.27753	-1.5776	7.09214	20.1196	7.22939	20.3326	-4.58448	-1.87399
6.78908	20.2068	-5.22506	-1.59755	6.81542	20.1859	7.00119	20.2364	-4.54738	-1.97462
6.5373	20.1168	-5.223	-1.70476	6.89359	20.1536	6.7749	20.1352	-4.50854	-2.07357
6.32011	20.0208	-5.10567	-1.73249	6.38914	20.0137	6.55059	20.0292	-4.46805	-2.17079
6.08229	19.9278	-5.09756	-1.88853	6.67637	20.2142	6.32834	19.9183	-4.42598	-2.26625
5.84045	19.8307	-5.06287	-1.89546	5.86119	19.8306	6.10823	19.8027	-4.38241	-2.35993
5.57338	19.6881	-5.14943	-2.22614	5.28178	19.5036	5.89034	19.6824	-4.33744	-2.45178
5.45954	19.5548	-4.76803	-2.28803	5.69089	19.5755	5.67472	19.5577	-4.29114	-2.5418
5.24135	19.4047	-4.73623	-2.48611	5.9506	18.9859	5.46145	19.4284	-4.24359	-2.62995
5.0595	19.2994	-4.59789	-2.45913	5.17021	19.4397	5.25059	19.2948	-4.19488	-2.71622
4.86436	19.185	-4.50975	-2.4568	5.87397	19.301	5.04219	19.157	-4.1451	-2.80059
4.74041	19.0351	-4.23606	-2.51964	4.89149	18.982	4.8363	19.015	-4.09432	-2.88305
4.50771	18.8828	-4.3317	-2.77514	3.98679	19.0452	4.63297	18.8689	-4.04263	-2.96359
4.35532	18.7511	-4.16495	-2.77077	4.4685	18.834	4.43224	18.7188	-3.99012	-3.0422
4.16585	18.6061	-4.11518	-2.79508	4.69245	18.4634	4.23416	18.5648	-3.93685	-3.11888
4.07663	18.4551	-3.80539	-2.82943	4.26269	18.481	4.03876	18.4071	-3.88293	-3.19362
3.86698	18.2799	-3.92455	-3.26849	3.42434	18.8357	3.84606	18.2457	-3.82841	-3.26644
3.58652	18.1342	-4.15118	-3.2266	3.45919	18.167	3.65611	18.0807	-3.77339	-3.33732
3.41359	17.9838	-4.04834	-3.13828	4.3011	17.9267	3.46891	17.9122	-3.71795	-3.40627
3.18083	17.8171	-4.12647	-3.15321	3.12525	17.7493	3.28449	17.7402	-3.66215	-3.47331
2.96309	17.6334	-4.18875	-3.4428	2.65664	17.888	3.10287	17.565	-3.60609	-3.53844
2.81577	17.5143	-4.03477	-3.35201	2.9449	17.8154	2.92405	17.3866	-3.54982	-3.60167
2.6414	17.2981	-3.98608	-3.70119	3.26647	17.0897	2.74805	17.2051	-3.49344	-3.66302
2.48658	17.105	-3.86598	-3.71795	2.55407	17.0853	2.57486	17.0205	-3.437	-3.72251
2.30364	16.9393	-3.82414	-3.5362	2.55039	16.8884	2.4045	16.833	-3.38059	-3.78014
2.16563	16.7706	-3.68351	-3.52405	2.25371	16.8334	2.23695	16.6427	-3.32428	-3.83595
1.96259	16.5708	-3.73027	-3.56254	1.57735	16.0489	2.07221	16.4497	-3.26812	-3.88995
1.82693	16.3425	-3.58559	-3.65338	1.88972	16.1054	1.91027	16.254	-3.21219	-3.94216
1.65219	16.1641	-3.57429	-3.64994	1.74362	16.2687	1.75112	16.0557	-3.15656	-3.99261
1.46138	15.9992	-3.60951	-3.61849	1.44745	16.0853	1.59474	15.8549	-3.10129	-4.04132
1.30148	15.7643	-3.56443	-4.00588	1.6097	15.5526	1.44111	15.6517	-3.04644	-4.08832
1.14884	15.5409	-3.49241	-4.04675	1.18395	15.4284	1.29021	15.4463	-2.99207	-4.13364
0.96705	15.3457	-3.51336	-4.04301	0.828993	15.528	1.14201	15.2386	-2.93825	-4.1773
0.766068	15.122	-3.57882	-4.08191	0.722706	15.0075	0.996486	15.0288	-2.88503	-4.21933
0.609198	14.9403	-3.51951	-3.97807	1.03147	15.2134	0.853604	14.8169	-2.83246	-4.25977
0.551221	14.7339	-3.20022	-3.98503	0.737301	14.7047	0.71333	14.603	-2.78061	-4.29864
0.414851	14.4877	-3.13373	-4.30519	0.722177	14.2445	0.575628	14.3872	-2.72952	-4.33598
0.256404	14.2611	-3.13739	-4.32541	0.253435	14.2029	0.440459	14.1696	-2.67925	-4.37181
0.0981227	14.0031	-3.13549	-4.66405	-0.0328023	13.9604	0.307779	13.9502	-2.62984	-4.40617
0.14039	13.7578	-2.59536	-4.6694	0.459172	13.6856	0.177545	13.7292	-2.58135	-4.43909
0.0157322	13.5113	-2.57895	-4.81807	0.0524412	13.6377	0.0497099	13.5065	-2.53381	-4.47061
-0.142687	13.2725	-2.6591	-4.8168	-0.190344	13.2856	-0.0757753	13.2823	-2.48728	-4.50075
-0.278739	13.0532	-2.67305	-4.66327	-0.275043	13.1456	-0.198962	13.0566	-2.44179	-4.52955
-0.236641	12.8423	-2.19663	-4.60614	0.0462308	12.9301	-0.319903	12.8295	-2.39739	-4.55704
-0.374098	12.6128	-2.27615	-4.51998	-0.684792	12.3563	-0.438654	12.6011	-2.35412	-4.58326
-0.483849	12.3831	-2.26488	-4.52616	-0.476482	12.3633	-0.555273	12.3714	-2.31202	-4.60823
-0.623897	12.1701	-2.33848	-4.52224	-0.972122	12.5207	-0.669818	12.1404	-2.27111	-4.63198
-0.679879	11.9619	-2.17279	-4.48296	-0.582624	12.0386	-0.78235	11.9083	-2.23144	-4.65456
-0.826552	11.7254	-2.27374	-4.56181	-1.26757	11.6495	-0.892931	11.6751	-2.19304	-4.67598
-1.02866	11.4768	-2.51514	-4.61115	-1.17212	11.3988	-1.00163	11.4409	-2.15594	-4.69628
-1.13691	11.2479	-2.47798	-4.51082	-0.891441	10.959	-1.1085	11.2057	-2.12017	-4.71549
-1.30909	11.0225	-2.60996	-4.52006	-1.39289	11.0424	-1.21362	10.9695	-2.08575	-4.73364
-1.41226	10.7687	-2.4988	-4.80478	-1.29894	10.9012	-1.31706	10.7324	-2.05273	-4.75075
-1.52581	10.5114	-2.46845	-4.83251	-1.49687	10.4198	-1.41889	10.4945	-2.02111	-4.76686
-1.63767	10.2397	-2.41333	-5.02295	-1.59293	10.0212	-1.51917	10.2559	-1.99093	-4.78198
-1.69918	10.0359	-2.24838	-4.92125	-1.61875	10.2374	-1.61797	10.0165	-1.96221	-4.79615
-1.78893	9.80513	-2.19081	-4.85529	-1.59702	9.96554	-1.71539	9.77637	-1.93498	-4.80939
-1.83404	9.59518	-2.01164	-4.77642	-1.73381	9.71347	-1.81147	9.53564	-1.90924	-4.82172
-1.96327	9.33261	-2.06106	-4.97182	-2.27191	9.37316	-1.90631	9.29431	-1.88502	-4.83316
-2.03598	9.03515	-1.9823	-5.05081	-1.93833	8.77028	-1.99998	9.05243	-1.86233	-4.84374
-2.1148	8.81461	-1.94481	-4.90001	-1.96565	9.13274	-2.09256	8.81003	-1.8412	-4.85347
-2.20146	8.56631	-1.91617	-4.90221	-2.1768	8.5411	-2.18412	8.56717	-1.82164	-4.86238
-2.34405	8.30099	-2.03698	-4.99643	-2.65862	8.19477	-2.27474	8.32388	-1.80365	-4.87047
-2.36494	8.08173	-1.81074	-4.90711	-2.21875	8.15339	-2.3645	8.0802	-1.78726	-4.87778
-2.4121	7.87604	-1.67847	-4.83142	-2.273	8.52315	-2.45348	7.83617	-1.77248	-4.8843
-2.53041	7.62289	-1.77456	-4.86849	-2.59674	7.60288	-2.54177	7.59184	-1.75931	-4.89006
-2.69602	7.38014	-2.03384	-4.77798	-3.08256	7.38874	-2.62944	7.34723	-1.74777	-4.89507
-2.80272	7.1267	-2.05031	-4.8081	-2.79865	7.064	-2.71658	7.10238	-1.73786	-4.89933
-2.85892	6.89399	-1.85763	-4.91043	-2.79412	7.20818	-2.80326	6.85734	-1.72958	-4.90286
-2.87566	6.70442	-1.63909	-4.7578	-2.74651	6.86867	-2.88957	6.61214	-1.72295	-4.90566
-2.91441	6.49451	-1.56732	-4.56842	-2.57673	6.36755	-2.97559	6.36681	-1.71797	-4.90774
-2.9689	6.26502	-1.50315	-4.55602	-2.90217	6.22989	-3.0614	6.12139	-1.71464	-4.90911
-3.10042	6.00532	-1.61815	-4.74257	-3.50172	6.10796	-3.14709	5.87592	-1.71297	-4.90976
-3.19663	5.72032	-1.67259	-4.84892	-3.1778	5.53101	-3.23274	5.63043	-1.71295	-4.9097
-3.30364	5.46934	-1.80345	-4.77938	-3.19736	5.19093	-3.31843	5.38496	-1.71458	-4.90893
-3.41211	5.20161	-1.86048	-4.85291	-3.43031	5.10507	-3.40424	5.13955	-1.71787	-4.90745
-3.47802	4.95534	-1.72285	-4.93071	-3.4281	4.94644	-3.49026	4.89422	-1.72281	-4.90525
-3.60906	4.65927	-1.85451	-5.07567	-3.69435	4.52196	-3.57657	4.64902	-1.72939	-4.90233
-3.71256	4.40386	-1.97084	-4.99005	-3.50501	4.17643	-3.66325	4.40398	-1.73763	-4.89868
-3.86185	4.11753	-2.10962	-5.1198	-4.00238	4.04684	-3.75039	4.15913	-1.74749	-4.8943
-3.93587	3.88209	-1.92684	-5.1319	-4.06447	4.10977	-3.83806	3.91452	-1.75899	-4.88918
-3.99273	3.66437	-1.82013	-4.99943	-3.88053	3.75177	-3.92635	3.67019	-1.77212	-4.8833
-4.07501	3.47946	-1.85982	-4.76338	-4.23729	3.88878	-4.01533	3.42616	-1.78686	-4.87666
-4.16587	3.23693	-1.85621	-4.7726	-4.15119	3.21968	-4.10509	3.18248	-1.8032	-4.86925
-4.28342	2.97597	-1.98096	-4.81422	-4.27467	2.88187	-4.19571	2.93919	-1.82113	-4.86104
-4.38041	2.69169	-1.98848	-4.92943	-4.32451	2.55034	-4.28727	2.69633	-1.84065	-4.85202
-4.46555	2.44432	-1.90525	-4.94525	-4.38481	2.39989	-4.37985	2.45393	-1.86173	-4.84218
-4.57372	2.1683	-1.93826	-5.03833	-4.61223	2.09192	-4.47352	2.21205	-1.88436	-4.83149
-4.67411	1.94671	-2.12756	-4.88424	-4.29257	1.92854	-4.56836	1.97072	-1.90853	-4.81994
-4.79959	1.65656	-2.17028	-5.03603	-4.86829	1.53442	-4.66444	1.72998	-1.93422	-4.80751
-4.92103	1.40595	-2.25777	-5.0267	-4.98165	1.43611	-4.76186	1.48989	-1.9614	-4.79417
-4.97243	1.19513	-2.13977	-4.85778	-4.66779	1.28643	-4.86066	1.25049	-1.99007	-4.7799
-5.06342	0.996757	-2.07006	-4.71687	-4.98594	1.10894	-4.96095	1.01182	-2.02019	-4.76468
-5.11655	0.780164	-1.97757	-4.6258	-4.85498	0.825661	-5.06277	0.77393	-2.05174	-4.74848
-5.21947	0.453199	-2.06713	-4.91878	-4.84736	0.18101	-5.16621	0.536876	-2.08471	-4.73127
-5.29098	0.220417	-2.01084	-4.86154	-5.1231	0.257311	-5.27133	0.300706	-2.11906	-4.71303
-5.39971	-0.0707008	-1.89553	-5.01108	-5.99809	-0.290765	-5.3782	0.0654719	-2.15477	-4.69374
-5.46435	-0.293899	-1.84913	-4.91486	-5.29972	-0.212982	-5.4869	-0.168772	-2.1918	-4.67335
-5.58183	-0.455702	-2.01213	-4.67114	-5.64447	-0.144522	-5.59748	-0.401971	-2.23014	-4.65185
-5.71588	-0.618277	-2.10453	-4.45898	-5.85359	-0.445801	-5.71001	-0.634069	-2.26974	-4.62919
-5.83216	-0.845382	-2.35408	-4.51187	-5.30947	-0.724468	-5.82456	-0.865006	-2.31058	-4.60536
-5.9321	-1.12881	-2.29487	-4.68656	-5.87835	-1.26863	-5.94118	-1.09472	-2.35262	-4.58032
-6.02035	-1.41045	-2.21701	-4.82728	-5.68069	-1.52871	-6.05993	-1.32316	-2.39581	-4.55404
-6.16084	-1.60583	-2.29611	-4.69027	-6.27263	-1.50938	-6.18087	-1.55025	-2.44014	-4.52648
-6.30244	-1.8555	-2.58527	-4.81236	-6.11355	-1.75966	-6.30406	-1.77593	-2.48555	-4.49762
-6.41362	-2.11204	-2.542	-4.86014	-6.34007	-2.13685	-6.42954	-2.00014	-2.532	-4.46742
-6.56607	-2.30297	-2.55377	-4.68041	-6.99344	-2.17445	-6.55738	-2.22281	-2.57946	-4.43585
-6.7168	-2.50514	-2.61709	-4.58643	-6.79288	-2.4458	-6.68761	-2.44386	-2.62788	-4.40288
-6.87314	-2.71814	-2.71538	-4.5517	-7.14408	-2.67584	-6.82029	-2.66323	-2.6772	-4.36847
-6.96017	-3.00401	-2.58601	-4.72393	-6.8003	-3.10086	-6.95546	-2.88084	-2.7274	-4.3326
-7.08704	-3.23028	-2.53735	-4.67302	-7.13937	-3.22028	-7.09316	-3.09663	-2.7784	-4.29523
-7.20924	-3.41112	-2.55887	-4.53058	-7.12118	-3.26434	-7.23344	-3.3105	-2.83017	-4.25632
-7.35167	-3.67649	-2.59294	-4.64609	-7.77186	-4.08999	-7.37632	-3.5224	-2.88265	-4.21586
-7.5135	-3.78406	-2.73	-4.30417	-7.49009	-3.49081	-7.52184	-3.73223	-2.93579	-4.1738
-7.65718	-3.999	-2.82624	-4.34561	-7.52393	-3.88213	-7.67004	-3.93992	-2.98953	-4.13012
-7.809	-4.23429	-2.83746	-4.38973	-7.88049	-4.29783	-7.82094	-4.14538	-3.04381	-4.08479
-7.95627	-4.46275	-2.85134	-4.4161	-8.08524	-4.57834	-7.97457	-4.34854	-3.09857	-4.03778
-8.11594	-4.70757	-2.87308	-4.47259	-8.22492	-4.79812	-8.13095	-4.5493	-3.15376	-3.98906
-8.25166	-4.91131	-2.72172	-4.33333	-8.453	-4.95621	-8.2901	-4.74759	-3.2093	-3.93862
-8.37841	-5.12585	-2.70357	-4.33121	-8.33552	-5.1059	-8.45204	-4.94331	-3.26514	-3.88641
-8.5247	-5.28647	-2.70263	-4.14843	-8.55062	-4.79248	-8.61678	-5.13637	-3.32121	-3.83242
-8.71382	-5.47807	-2.8239	-4.08879	-8.91477	-5.51752	-8.78433	-5.32669	-3.37745	-3.77663
-8.87041	-5.68266	-2.88983	-4.10536	-9.04115	-5.69364	-8.95469	-5.51417	-3.43377	-3.71901
-9.02707	-5.86055	-2.92972	-4.03254	-9.03391	-5.80267	-9.12788	-5.69872	-3.49012	-3.65955
-9.16381	-6.01296	-2.88341	-3.87788	-8.86897	-5.41973	-9.30388	-5.88026	-3.54643	-3.59823
-9.34457	-6.09148	-3.01966	-3.57857	-9.30811	-5.82368	-9.4827	-6.05868	-3.60261	-3.53503
-9.52055	-6.28181	-3.13688	-3.64423	-9.80646	-6.41174	-9.66432	-6.23389	-3.6586	-3.46994
-9.65624	-6.49799	-3.07578	-3.73636	-9.62547	-6.55958	-9.84874	-6.4058	-3.71431	-3.40295
-9.88098	-6.6654	-3.36838	-3.75144	-10.6688	-6.35543	-10.0359	-6.57431	-3.76969	-3.33404
-10.0917	-6.82988	-3.46852	-3.67796	-10.2246	-6.83402	-10.2259	-6.73933	-3.82463	-3.26321
-10.2729	-6.99918	-3.53221	-3.66645	-10.2205	-6.71044	-10.4186	-6.90075	-3.87907	-3.19046
-10.511	-7.18438	-3.66039	-3.64605	-10.7616	-7.29159	-10.614	-7.05849	-3.93293	-3.11577
-10.7118	-7.33261	-3.71783	-3.55697	-10.8944	-6.83335	-10.8121	-7.21245	-3.98613	-3.03916
-10.9674	-7.49558	-3.87093	-3.49224	-11.2219	-7.56979	-11.0128	-7.36252	-4.03859	-2.96062
-11.1436	-7.64664	-3.76664	-3.38697	-10.986	-7.3707	-11.2161	-7.50862	-4.09021	-2.88015
-11.2904	-7.79788	-3.68792	-3.36021	-11.0934	-7.6776	-11.422	-7.65064	-4.14093	-2.79777
-11.4749	-7.9371	-3.68999	-3.28143	-11.4213	-7.46085	-11.6304	-7.78849	-4.19066	-2.71349
-11.6574	-8.02831	-3.71874	-3.10625	-11.5269	-7.8215	-11.8413	-7.92208	-4.23932	-2.6273
-11.8353	-8.15675	-3.61142	-2.97248	-11.9422	-7.88317	-12.0546	-8.05131	-4.28682	-2.53924
-12.0561	-8.23001	-3.72893	-2.77385	-12.09	-8.08828	-12.2702	-8.17609	-4.33309	-2.44932
-12.2837	-8.36968	-4.01725	-2.89686	-12.4462	-8.02117	-12.4881	-8.29633	-4.37802	-2.35756
-12.4969	-8.44121	-4.07476	-2.71465	-12.4231	-8.2599	-12.7082	-8.41193	-4.42156	-2.26399
-12.6846	-8.54556	-3.92093	-2.55431	-12.7461	-8.19449	-12.9304	-8.5228	-4.4636	-2.16863
-12.9796	-8.6214	-4.14825	-2.38734	-13.2911	-8.64594	-13.1547	-8.62886	-4.50407	-2.07151
-13.2261	-8.73387	-4.30503	-2.40115	-13.7929	-8.47158	-13.381	-8.73002	-4.54289	-1.97267
-13.4573	-8.77139	-4.37205	-2.19439	-13.384	-8.57583	-13.6092	-8.82619	-4.57997	-1.87214
-13.6482	-8.83774	-4.15175	-1.98294	-13.6376	-8.26344	-13.8392	-8.91729	-4.61524	-1.76997
-13.8823	-8.9401	-4.20488	-1.97969	-13.9959	-8.99264	-14.0709	-9.00324	-4.64861	-1.6662
-14.1341	-9.04302	-4.45599	-2.07752	-14.4737	-8.79552	-14.3043	-9.08395	-4.68001	-1.56086
-14.3688	-9.1527	-4.47803	-2.08668	-14.4273	-9.1875	-14.5391	-9.15936	-4.70936	-1.45402
-14.5769	-9.25113	-4.34545	-2.01445	-14.5757	-9.32634	-14.7754	-9.22939	-4.73658	-1.34573
-14.8875	-9.22329	-4.58649	-1.66295	-15.062	-9.04396	-15.013	-9.29397	-4.76161	-1.23603
-15.1331	-9.31964	-4.5745	-1.66398	-15.6189	-9.69365	-15.2517	-9.35302	-4.78436	-1.125
-15.414	-9.4253	-4.67215	-1.69712	-15.6682	-9.56749	-15.4916	-9.40649	-4.80476	-1.01269
-15.63	-9.4895	-4.44693	-1.53473	-15.9382	-9.35751	-15.7324	-9.45431	-4.82275	-0.899159
-15.9015	-9.55267	-4.55185	-1.48128	-16.0862	-9.59819	-15.9741	-9.49642	-4.83827	-0.784484
-16.1324	-9.59248	-4.47466	-1.3377	-16.6033	-8.85459	-16.2164	-9.53277	-4.85124	-0.668734
-16.4007	-9.55574	-4.60293	-1.06602	-16.4229	-9.37029	-16.4594	-9.5633	-4.8616	-0.55198
-16.5919	-9.5912	-4.45158	-0.993295	-16.011	-9.33486	-16.7027	-9.58797	-4.8693	-0.434301
-16.9018	-9.53939	-4.66331	-0.708693	-17.1132	-9.43043	-16.9464	-9.60673	-4.87427	-0.315773
-17.1416	-9.62189	-4.70762	-0.849758	-16.9255	-10.8571	-17.1903	-9.61954	-4.87646	-0.196479
-17.4225	-9.617	-4.81492	-0.714638	-17.5448	-9.57485	-17.4342	-9.62636	-4.87583	-0.0765024
-17.6606	-9.63746	-4.67724	-0.603334	-18.1371	-9.39146	-17.6781	-9.62717	-4.87232	0.0440703
-17.9355	-9.57574	-4.78979	-0.359892	-17.9724	-9.42299	-17.9216	-9.62194	-4.86588	0.165151
-18.1572	-9.57268	-4.62217	-0.24221	-18.3083	-9.18778	-18.1648	-9.61064	-4.85648	0.286648
-18.362	-9.60447	-4.56365	-0.301335	-18.2763	-9.60997	-18.4074	-9.59325	-4.84408	0.40847
-18.5824	-9.61914	-4.59197	-0.325671	-18.2443	-9.58547	-18.6493	-9.56977	-4.82864	0.530522
-18.8536	-9.57974	-4.69196	-0.171183	-18.9545	-9.51544	-18.8904	-9.54017	-4.81012	0.652707
-19.0672	-9.56759	-4.64554	-0.12155	-18.6983	-9.02886	-19.1305	-9.50447	-4.78851	0.774927
-19.3443	-9.40634	-4.78595	0.312294	-19.2983	-9.09865	-19.3694	-9.46265	-4.76378	0.897083
-19.5568	-9.3644	-4.5569	0.45487	-19.7037	-8.79906	-19.6069	-9.41472	-4.73591	1.01907
-19.8378	-9.19919	-4.70321	0.831419	-19.8731	-8.96417	-19.8431	-9.36071	-4.70487	1.1408
-20.065	-9.11318	-4.61581	0.979372	-20.3815	-7.6755	-20.0775	-9.30061	-4.67066	1.26215
-20.2205	-9.26764	-4.41292	0.439787	-20.1607	-9.59663	-20.3102	-9.23446	-4.63328	1.38303
-20.4427	-9.25899	-4.39239	0.414897	-20.4587	-9.7448	-20.5409	-9.16227	-4.59271	1.50334
-20.6903	-9.12168	-4.47952	0.718428	-20.6596	-8.91527	-20.7696	-9.08409	-4.54895	1.62296
-20.9188	-9.06897	-4.37433	0.813482	-21.5568	-8.5005	-20.9959	-8.99994	-4.50202	1.74179
-21.1295	-8.97387	-4.37357	0.947915	-21.0195	-8.85081	-21.2198	-8.90987	-4.45191	1.85972
-21.3482	-8.91707	-4.24956	1.02368	-21.8628	-8.64129	-21.4412	-8.81393	-4.39865	1.97666
-21.5488	-8.87298	-4.22489	1.0016	-21.5029	-8.87191	-21.6597	-8.71217	-4.34224	2.0925
-21.7192	-8.77573	-3.88921	1.21516	-21.9514	-7.41274	-21.8754	-8.60465	-4.2827	2.20712
-21.9383	-8.65638	-3.95145	1.3722	-21.9793	-8.57089	-22.0881	-8.49143	-4.22007	2.32043
-22.1396	-8.56747	-4.01031	1.40836	-22.1914	-7.70392	-22.2975	-8.37258	-4.15437	2.43232
-22.3984	-8.42399	-4.13952	1.61371	-22.5838	-8.35296	-22.5035	-8.24817	-4.08564	2.5427
-22.5727	-8.34205	-3.92802	1.65933	-22.3177	-8.57758	-22.7061	-8.11829	-4.01391	2.65145
-22.8556	-8.0228	-4.14663	2.29078	-22.9861	-7.6724	-22.9049	-7.98301	-3.93923	2.75848
-23.0286	-7.91162	-3.78028	2.36962	-23.2693	-8.32031	-23.1	-7.84243	-3.86163	2.8637
-23.2829	-7.68825	-3.92482	2.65903	-23.4777	-7.56583	-23.2911	-7.69663	-3.78118	2.967
-23.478	-7.54328	-3.94101	2.68532	-23.473	-7.02103	-23.4781	-7.54572	-3.69792	3.06828
-23.6538	-7.39998	-3.90287	2.70242	-23.5408	-7.36069	-23.6609	-7.3898	-3.61191	3.16746
-23.836	-7.24787	-3.76685	2.7766	-24.0505	-6.56968	-23.8393	-7.22897	-3.52321	3.26445
-23.9988	-7.17321	-3.70774	2.60338	-23.9384	-7.26171	-24.0132	-7.06336	-3.43189	3.35916
-24.1545	-7.01484	-3.45014	2.72669	-24.3577	-5.94086	-24.1825	-6.89307	-3.33801	3.45149
-24.3424	-6.712	-3.50714	3.16219	-24.2574	-6.4352	-24.347	-6.71823	-3.24166	3.54138
-24.4961	-6.56524	-3.21849	3.18827	-24.788	-7.18367	-24.5066	-6.53896	-3.14289	3.62873
-24.5922	-6.43928	-3.09333	3.08438	-24.3008	-6.43799	-24.6612	-6.35538	-3.0418	3.71347
-24.7206	-6.27612	-2.91809	3.13183	-24.6108	-6.00878	-24.8107	-6.16764	-2.93846	3.79553
-24.9264	-6.02583	-3.04232	3.3909	-25.146	-5.91902	-24.955	-5.97587	-2.83295	3.87484
-25.0466	-5.83637	-2.84961	3.46548	-24.8975	-5.02285	-25.094	-5.7802	-2.72537	3.95132
-25.1909	-5.65524	-2.85405	3.48643	-25.1941	-5.64372	-25.2276	-5.58079	-2.61581	4.02492
-25.334	-5.48061	-2.80179	3.49807	-25.5328	-5.4399	-25.3556	-5.37777	-2.50435	4.09557
-25.5005	-5.22101	-2.85976	3.72557	-25.5713	-5.10241	-25.4779	-5.1713	-2.39109	4.16322
-25.6176	-5.06257	-2.75335	3.65583	-25.0178	-6.55904	-25.5946	-4.96152	-2.27613	4.22781
-25.7442	-4.89039	-2.73209	3.62566	-25.6952	-4.89995	-25.7055	-4.7486	-2.15956	4.2893
-25.8542	-4.70197	-2.53164	3.66479	-25.8162	-4.40681	-25.8105	-4.53268	-2.04149	4.34764
-25.986	-4.4198	-2.54963	3.92551	-25.9516	-4.26659	-25.9096	-4.31392	-1.92202	4.40279
-26.0866	-4.23069	-2.08559	3.96201	-26.8953	-4.43966	-26.0027	-4.0925	-1.80125	4.45471
-26.1919	-3.89357	-2.09685	4.32779	-26.1198	-3.67723	-26.0897	-3.86856	-1.67928	4.50337
-26.2581	-3.68329	-1.68279	4.3471	-26.5652	-3.85723	-26.1706	-3.64227	-1.55623	4.54875
-26.2921	-3.38933	-1.59531	4.54054	-25.9974	-3.24722	-26.2453	-3.41381	-1.4322	4.59081
-26.3337	-3.16114	-1.29242	4.56183	-26.2976	-3.01078	-26.3138	-3.18332	-1.30729	4.62954
-26.363	-2.91728	-1.2288	4.59811	-26.1741	-2.87885	-26.376	-2.95098	-1.18162	4.66493
-26.4113	-2.70283	-1.08615	4.56486	-26.4681	-3.44967	-26.4319	-2.71697	-1.05529	4.69696
-26.4938	-2.57611	-1.13603	4.30045	-26.674	-2.73852	-26.4815	-2.48143	-0.928411	4.72562
-26.5396	-2.35038	-1.01715	4.33514	-26.657	-1.72382	-26.5247	-2.24456	-0.80109	4.75091
-26.6025	-2.14819	-1.03888	4.29817	-26.6691	-2.17333	-26.5616	-2.0065	-0.673434	4.77284
-26.6232	-1.92238	-0.872321	4.33008	-26.3248	-1.32261	-26.5921	-1.76744	-0.545553	4.79141
-26.637	-1.63864	-0.818007	4.50444	-26.4671	-1.53207	-26.6161	-1.52753	-0.417552	4.80664
-26.6254	-1.43267	-0.406626	4.45909	-26.4998	-2.19526	-26.6338	-1.28695	-0.289538	4.81852
-26.639	-1.18315	-0.393809	4.52872	-26.5998	-1.14277	-26.6451	-1.04586	-0.161616	4.8271
-26.6599	-0.973195	-0.234853	4.48789	-27.2008	-1.67679	-26.65	-0.804425	-0.0338883	4.83238
-26.6828	-0.686445	-0.252594	4.65395	-26.7355	-0.59539	-26.6485	-0.562811	0.0935412	4.83439
-26.6634	-0.451886	0.113832	4.65714	-26.9891	0.0351487	-26.6406	-0.321181	0.220572	4.83317
-26.6255	-0.106461	0.17833	4.95307	-26.4553	0.0602653	-26.6264	-0.0796947	0.347104	4.82874
-26.5982	0.13475	0.440439	4.92962	-26.9537	0.136943	-26.6059	0.161489	0.473041	4.82116
-26.5825	0.459695	0.435217	5.13771	-26.6201	0.57588	-26.5792	0.402213	0.598287	4.81045
-26.5588	0.707722	0.530656	5.10963	-26.8241	0.381506	-26.5462	0.642323	0.722748	4.79667
-26.5632	1.00084	0.478685	5.21012	-26.7293	1.06082	-26.5069	0.881666	0.846334	4.77986
-26.5099	1.28425	0.583936	5.26811	-25.9562	2.60409	-26.4616	1.12009	0.968955	4.76007
-26.4692	1.49823	0.59868	5.13725	-26.3986	1.42212	-26.4101	1.35745	1.09053	4.73737
-26.4199	1.70669	0.786679	4.99369	-26.5072	-0.563928	-26.3526	1.59361	1.21096	4.71181
-26.3803	1.89111	0.778281	4.82118	-26.3594	1.79315	-26.2891	1.82841	1.33018	4.68345
-26.3041	2.11754	1.1028	4.75713	-26.3475	1.82827	-26.2197	2.06173	1.44811	4.65235
-26.2531	2.28685	1.08526	4.57596	-26.2502	2.18481	-26.1444	2.29342	1.56467	4.61859
-26.1814	2.50812	1.19461	4.54738	-26.069	2.27896	-26.0633	2.52336	1.67979	4.58223
-26.1103	2.76572	1.21987	4.62745	-26.0641	2.80701	-25.9765	2.75141	1.79339	4.54334
-26.0102	2.98353	1.64751	4.54545	-26.3234	3.02388	-25.8841	2.97746	1.90543	4.502
-25.906	3.29737	1.70186	4.77451	-25.8345	3.42005	-25.7861	3.20139	2.01582	4.45828
-25.8147	3.53357	1.87126	4.74357	-26.1824	3.73376	-25.6826	3.42306	2.12452	4.41227
-25.7169	3.71863	1.86915	4.6067	-25.6666	3.63509	-25.5737	3.64239	2.23146	4.36404
-25.5934	3.92409	2.10063	4.51151	-25.5773	3.13316	-25.4596	3.85924	2.3366	4.31367
-25.538	4.07979	1.99556	4.32437	-25.7492	3.99968	-25.3402	4.07353	2.43989	4.26125
-25.4085	4.27692	2.21642	4.24456	-25.3516	3.75691	-25.2157	4.28514	2.54127	4.20686
-25.2493	4.51649	2.31082	4.32036	-25.0214	4.52803	-25.0863	4.49399	2.64071	4.15058
-25.0883	4.71778	2.43891	4.27608	-24.2719	4.30917	-24.9518	4.69998	2.73817	4.09251
-24.9805	4.90993	2.40802	4.218	-25.0363	4.88499	-24.8126	4.90303	2.83361	4.03273
-24.8146	5.10632	2.65478	4.14775	-24.3609	4.95947	-24.6686	5.10304	2.92701	3.97132
-24.6492	5.33814	2.72077	4.21525	-24.5041	5.35293	-24.5201	5.29995	3.01833	3.90839
-24.4686	5.52524	3.08312	4.08865	-24.4379	5.24592	-24.367	5.49367	3.10754	3.84401
-24.2864	5.69449	3.12606	4.00068	-24.1159	5.61152	-24.2095	5.68414	3.19464	3.77827
-24.114	5.85914	3.3596	3.85361	-24.5638	4.75836	-24.0477	5.8713	3.27959	3.71127
-23.947	6.01172	3.347	3.74932	-23.9153	5.94377	-23.8818	6.05508	3.36239	3.64309
-23.7891	6.21153	3.20432	3.81606	-23.5491	6.44495	-23.7117	6.23542	3.44302	3.57383
-23.6391	6.35828	3.17299	3.70028	-23.6471	6.29102	-23.5377	6.41227	3.52148	3.50357
-23.4789	6.53856	3.26868	3.66015	-23.7544	6.53746	-23.3598	6.58559	3.59775	3.4324
-23.2511	6.79534	3.41052	3.86163	-23.0099	6.86182	-23.1781	6.75533	3.67185	3.36041
-23.0435	6.94693	3.6025	3.71643	-22.7862	5.74143	-22.9928	6.92146	3.74376	3.28768
-22.8381	7.1176	3.64525	3.68205	-22.6991	7.063	-22.804	7.08393	3.8135	3.21431
-22.6122	7.27065	3.94065	3.53379	-22.418	6.76159	-22.6117	7.24273	3.88106	3.14038
-22.4421	7.39068	3.87122	3.38317	-22.5083	7.31524	-22.4161	7.39782	3.94647	3.06598
-22.1976	7.54223	4.2879	3.23144	-22.0543	7.85452	-22.2173	7.54917	4.00974	2.99118
-22.0238	7.68432	4.2044	3.17317	-22.1947	7.69478	-22.0154	7.69679	4.07087	2.91607
-21.8222	7.87741	4.14184	3.28249	-21.6178	9.0351	-21.8105	7.84064	4.12989	2.84074
-21.6293	8.00124	4.10076	3.17666	-21.6473	7.94	-21.6026	7.98072	4.18681	2.76526
-21.4276	8.14541	4.18231	3.10052	-21.8637	7.78661	-21.392	8.11703	4.24166	2.68971
-21.2312	8.13886	4.09968	2.68742	-21.0853	7.83229	-21.1787	8.24957	4.29447	2.61417
-21.0251	8.3049	4.03319	2.80242	-20.5503	9.28616	-20.9628	8.37833	4.34526	2.53871
-20.8628	8.44937	3.95902	2.80406	-21.0519	8.50983	-20.7444	8.50333	4.39406	2.46341
-20.6017	8.58463	4.36525	2.68336	-19.9265	9.40847	-20.5237	8.62457	4.4409	2.38835
-20.3515	8.72319	4.42871	2.70241	-20.21	8.68914	-20.3006	8.74206	4.48582	2.31358
-20.1411	8.86356	4.35665	2.73706	-20.2277	8.8532	-20.0753	8.85583	4.52884	2.23919
-19.9636	8.93992	4.25435	2.57468	-20.0633	8.86724	-19.848	8.96589	4.57001	2.16524
-19.7559	9.06094	4.24454	2.55211	-19.9264	8.78179	-19.6186	9.07227	4.60937	2.09179
-19.5524	9.11491	4.19794	2.36575	-19.4861	8.96665	-19.3873	9.17499	4.64694	2.01891
-19.2935	9.24248	4.48149	2.31267	-18.5719	10.2069	-19.1542	9.27409	4.68278	1.94666
-19.0037	9.33664	4.60226	2.27776	-18.6786	9.19191	-18.9193	9.36959	4.71692	1.8751
-18.778	9.4285	4.68903	2.16571	-19.2825	8.98189	-18.6827	9.46154	4.7494	1.80429
-18.5248	9.52461	4.72098	2.14106	-18.4242	9.46852	-18.4446	9.54996	4.78028	1.73429
-18.2449	9.57445	5.04275	1.86933	-18.1634	8.72444	-18.2049	9.63492	4.80959	1.66514
-17.9398	9.70938	5.16658	1.98742	-17.7736	9.72478	-17.9639	9.71643	4.83737	1.59691
-17.6758	9.82232	5.0934	2.07581	-17.2296	9.97767	-17.7214	9.79457	4.86368	1.52964
-17.4087	9.91873	5.11527	2.06167	-17.3436	9.88109	-17.4777	9.86936	4.88856	1.46338
-17.1416	10.0173	5.23258	1.99525	-17.1554	10.212	-17.2328	9.94087	4.91205	1.39818
-16.8788	10.1256	5.23898	2.01641	-16.8876	10.145	-16.9868	10.0091	4.93421	1.33408
-16.6054	10.2125	5.33453	1.93549	-16.5958	10.1078	-16.7396	10.0743	4.95507	1.27113
-16.3792	10.2904	5.24226	1.87663	-16.5153	10.3091	-16.4915	10.1362	4.97469	1.20937
-16.1035	10.3782	5.37356	1.79522	-16.09	10.5824	-16.2424	10.1952	4.99311	1.14883
-15.9057	10.3574	5.17354	1.50701	-16.006	10.1843	-15.9924	10.2511	5.01039	1.08956
-15.6474	10.4296	5.19174	1.48481	-15.7234	10.41	-15.7416	10.3041	5.02655	1.03159
-15.4657	10.3836	4.9713	1.17167	-15.5699	10.1904	-15.4899	10.3543	5.04166	0.974957
-15.1464	10.4293	5.35443	0.994366	-14.2385	10.9109	-15.2376	10.4016	5.05576	0.919692
-14.8934	10.4704	5.31947	0.968857	-14.9365	10.4722	-14.9846	10.4462	5.06889	0.865828
-14.648	10.5026	5.12604	1.02846	-14.724	9.63507	-14.7309	10.4882	5.0811	0.813394
-14.4331	10.4487	4.98679	0.765194	-14.4088	10.222	-14.4766	10.5276	5.09243	0.762418
-14.1621	10.4786	5.10173	0.697034	-13.9005	10.5238	-14.2218	10.5645	5.10293	0.712926
-13.8338	10.6556	5.32757	1.05767	-13.8049	10.9383	-13.9665	10.5989	5.11263	0.664944
-13.5678	10.7213	5.26904	1.14101	-13.3956	10.7857	-13.7107	10.631	5.12159	0.618496
-13.3431	10.7043	5.14802	0.954947	-13.3556	10.5517	-13.4545	10.6608	5.12983	0.573603
-13.066	10.7383	5.29198	0.837427	-12.9374	10.8137	-13.1979	10.6884	5.13741	0.530288
-12.8161	10.8301	5.28607	0.947207	-12.9591	11.0099	-12.9409	10.7138	5.14436	0.48857
-12.5358	10.8903	5.35241	0.961082	-12.2518	11.2495	-12.6836	10.7373	5.15071	0.448467
-12.333	10.8313	5.1537	0.693366	-12.3713	10.6091	-12.426	10.7587	5.15651	0.409997
-12.0692	10.8689	5.16652	0.704681	-11.9352	10.9161	-12.1681	10.7783	5.16179	0.373177
-11.8301	10.9306	5.13783	0.75756	-11.9451	11.0515	-11.91	10.7961	5.16658	0.338022
-11.5379	10.9594	5.2758	0.687849	-10.9703	10.9676	-11.6516	10.8121	5.17092	0.304546
-11.3297	10.9584	5.13243	0.587993	-11.4548	10.9407	-11.393	10.8265	5.17484	0.272761
-11.0506	10.9066	5.46391	0.0761384	-11.3472	10.5111	-11.1342	10.8394	5.17836	0.242681
-10.7539	10.8684	5.49435	-0.00852912	-10.6009	10.6823	-10.8753	10.8509	5.18153	0.214317
-10.4907	10.87	5.44614	0.0164893	-10.6563	10.8369	-10.6161	10.8609	5.18435	0.187679
-10.2736	10.8498	5.30888	-0.0501991	-10.4142	10.8747	-10.3569	10.8697	5.18687	0.162776
-10.0218	10.9014	5.124	0.272009	-9.90413	11.2255	-10.0976	10.8772	5.1891	0.139618
-9.76453	10.9563	5.14889	0.362831	-9.83445	11.1032	-9.83809	10.8837	5.19106	0.118212
-9.54102	10.9276	5.10362	0.174254	-10.195	10.3498	-9.57852	10.8891	5.19278	0.0985664
-9.28113	10.959	5.12688	0.224904	-9.3066	11.0348	-9.31887	10.8936	5.19428	0.0806865
-9.03818	10.9328	5.09815	0.108515	-9.2226	10.3527	-9.05915	10.8972	5.19557	0.0645787
-8.77068	10.9703	5.14522	0.181524	-8.78899	11.0707	-8.79937	10.9001	5.19667	0.050248
-8.53749	10.9196	5.0944	-0.00959238	-8.83914	10.0319	-8.53953	10.9023	5.19759	0.0376992
-8.41353	10.8205	4.7293	-0.262598	-8.62045	10.6577	-8.27965	10.9039	5.19835	0.0269359
-8.16116	10.829	4.76401	-0.189251	-7.91543	11.1157	-8.01974	10.905	5.19896	0.0179617
-7.77954	10.9042	5.15269	0.0389098	-7.51971	11.0005	-7.75979	10.9057	5.19942	0.0107791
-7.5112	10.9029	5.14966	0.0782927	-7.25987	10.6458	-7.49981	10.9061	5.19975	0.00539029
-7.2323	10.8956	5.19587	0.0621286	-7.15631	10.815	-7.23983	10.9063	5.19994	0.00179692
-7.00217	10.9188	5.06719	0.202998	-7.39396	11.0181	-6.97983	10.9064	5.2	-7.84874e-15
